1 1360
2 1257
3 1477
4 1819
5 2136
6 2454
7 2864
8 3242
9 3547
10 3981
11 6182
12 6835
13 6887
14 8370
15 8419
16 8696
17 9418
18 9836
19 10120
20 11374
21 12434
22 12254
23 12409
24 14745
25 14098
26 15056
27 16626
28 14733
29 11146
30 11474
31 11870
32 12239
33 12640
34 13038
35 13281
36 13714
37 14109
38 14498
39 14826
40 15374
41 15632
42 16002
43 16383
44 16755
45 17214
46 17459
47 17997
48 18247
49 18679
50 18972
51 19363
52 19710
53 20085
54 20501
55 20887
56 21230
57 21724
58 46734
59 22356
60 22812
61 23130
62 23491
63 23886
64 24204
65 24573
66 24993
67 25361
68 25752
69 26111
70 26632
71 26873
72 27293
73 27591
74 28115
75 28298
76 28733
77 29115
78 29500
79 29865
80 30408
81 30689
82 30955
83 31632
84 31746
85 32087
86 32766
87 33103
88 53154
89 33863
90 34091
91 34346
92 34770
93 35729
94 35514
95 35898
96 36273
97 36611
98 37152
99 37548
100 45506
101 63018
102 54766
103 53119
104 50677
105 57795
106 55816
107 53907
108 37878
109 38179
110 38590
111 38880
112 39399
113 39660
114 40562
115 40529
116 40880
117 41416
118 41285
119 41709
120 42146
121 43012
122 42821
123 43253
124 44187
125 44691
126 45152
127 44779
128 45077
129 45167
130 45485
131 46290
132 46485
133 46756
134 47269
135 48319
136 47813
137 65618
138 70316
139 78014
140 77207
141 69021
142 49752
143 50066
144 50744
145 50705
146 51018
147 51907
148 51777
149 52265
150 52598
151 52772
152 53197
153 109259
154 44335
155 44692
156 44937
157 45222
158 45596
159 45762
160 46125
161 46496
162 46834
163 47013
164 47299
165 47611
166 47987
167 49322
168 48667
169 49213
170 49767
171 49334
172 49835
173 49856
174 50366
175 50796
176 51715
177 51536
178 51218
179 37006
180 37405
181 37622
182 37619
183 37418
184 38417
185 37740
186 38108
187 38072
188 38305
189 38566
190 38878
191 38932
192 39132
193 39563
194 39835
195 39952
196 39990
197 40232
198 40378
199 40577
200 40746
201 40994
202 41126
203 41345
204 41644
205 41880
206 42436
207 42968
208 42922
209 43061
210 43308
211 43608
212 43579
213 43966
214 44050
215 44417
216 46018
217 45299
218 62572
219 68590
220 62987
221 62534
222 45359
223 52290
224 70717
225 69954
226 71941
227 72084
228 70352
229 74173
230 71847
231 71008
232 70017
233 81823
234 107737
235 74918
236 73987
237 75267
238 88295
239 78744
240 70331
241 70596
242 77537
243 75913
244 73498
245 76040
246 76258
247 76882
248 78990
249 71709
250 72148
251 60600
252 74206
253 54419
254 64437
255 71989
256 53050
257 63468
258 69248
259 54488
260 69390
261 78095
262 63784
263 69700
264 54869
265 54518
266 56424
267 57961
268 56515
269 55946
270 55504
271 55931
272 56866
273 56052
274 56187
275 56053
276 56328
277 73451
278 57192
279 56839
280 57134
281 57410
282 57396
283 57543
284 57816
285 57993
286 58184
287 58400
288 58599
289 58826
290 59008
291 59246
292 59476
293 59601
294 59849
295 89462
296 53537
297 53765
298 53897
299 54078
300 54268
301 54471
302 54612
303 54793
304 54975
305 55165
306 55343
307 55507
308 55710
309 55882
310 56062
311 56236
312 56418
313 56614
314 56807
315 56978
316 57163
317 57333
318 57518
319 57679
320 57875
321 58037
322 58229
323 58395
324 58566
325 58735
326 58952
327 59165
328 59324
329 59477
330 59673
331 59846
332 60039
333 60238
334 60396
335 60596
336 60753
337 77240
338 118511
339 68956
340 69195
341 69348
342 69592
343 69734
344 69997
345 70134
346 70337
347 70600
348 70800
349 71000
350 71201
351 71406
352 80268
353 63881
354 63997
355 64174
356 64385
357 64592
358 64685
359 100812
360 65105
361 65316
362 65442
363 65640
364 65762
365 65937
366 66181
367 66384
368 66559
369 66729
370 66856
371 67031
372 67272
373 86878
374 79851
375 67748
376 67987
377 68163
378 94829
379 68467
380 68684
381 68873
382 69027
383 69261
384 69383
385 69610
386 69734
387 69968
388 98199
389 94993
390 79271
391 87713
392 112838
393 118553
394 116875
395 80729
396 80626
397 80777
398 80935
399 81223
400 81379
401 86840
402 72726
403 72928
404 91418
405 116208
406 120001
407 105946
408 175124
409 109245
410 92113
411 125335
412 127790
413 116743
414 89240
415 131229
416 129673
417 85101
418 87925
419 95332
420 85465
421 110315
422 102692
423 86061
424 86302
425 86778
426 97158
427 117636
428 110014
429 112218
430 110211
431 89250
432 88553
433 89048
434 89195
435 89102
436 89370
437 89747
438 89414
439 89946
440 99426
441 92411
442 91467
443 91565
444 90508
445 90703
446 91700
447 129131
448 142351
449 99256
450 81342
451 81504
452 81672
453 81832
454 82058
455 83269
456 82465
457 82610
458 82791
459 82967
460 83167
461 83383
462 83512
463 83672
464 83866
465 84049
466 84230
467 128054
468 113218
469 95287
470 95579
471 95841
472 95915
473 135621
474 96411
475 96585
476 96720
477 96994
478 105254
479 86555
480 86793
481 86931
482 87117
483 87238
484 113986
485 87703
486 87847
487 87961
488 88241
489 88322
490 125033
491 88676
492 96704
493 108836
494 89252
495 89513
496 89630
497 89835
498 89944
499 90191
500 90308
501 90505
502 90682
503 90909
504 91083
505 91198
506 91442
507 91553
508 91734
509 91953
510 92179
511 92298
512 92478
513 92648
514 92895
515 115289
516 104885
517 105072
518 105294
519 110416
520 154118
521 119291
522 106103
523 106318
524 106519
525 106783
526 106985
527 107077
528 107279
529 107536
530 168184
531 107167
532 96169
533 96250
534 96426
535 96676
536 96869
537 97079
538 97224
539 97409
540 97575
541 97703
542 97877
543 98056
544 98293
545 98475
546 98660
547 98812
548 98946
549 99206
550 99380
551 99577
552 99754
553 99865
554 100042
555 100312
556 100487
557 100580
558 100760
559 101059
560 155828
561 176029
562 142414
563 101828
564 101881
565 102122
566 102194
567 146110
568 121003
569 119337
570 161314
571 172625
572 203682
573 166612
574 131071
575 117868
576 214990
577 148233
578 104453
579 104579
580 104738
581 138708
582 118290
583 118481
584 143379
585 126858
586 124578
587 119677
588 119617
589 119725
590 120439
591 120331
592 122811
593 150457
594 121364
595 121046
596 121563
597 179585
598 136402
599 121752
600 122034
601 122218
602 123494
603 122912
604 122951
605 122971
606 123138
607 123384
608 123574
609 124776
610 124912
611 124430
612 124336
613 124605
614 124800
615 125006
616 125212
617 125417
618 130455
619 111893
620 112018
621 121410
622 145219
623 126611
624 126803
625 127020
626 127207
627 127371
628 136232
629 127797
630 129293
631 113994
632 114114
633 114390
634 114475
635 114749
636 114890
637 115009
638 115308
639 115369
640 115588
641 115848
642 115923
643 116104
644 116383
645 116560
646 116742
647 116923
648 117098
649 117260
650 117487
651 117659
652 117836
653 118018
654 118192
655 118383
656 118445
657 118625
658 118903
659 118982
660 119159
661 119456
662 143520
663 135353
664 119907
665 120114
666 142398
667 120477
668 120641
669 120801
670 120983
671 121162
672 158553
673 136777
674 136961
675 137094
676 137441
677 137497
678 137773
679 137965
680 142679
681 132909
682 133004
683 133180
684 133439
685 133636
686 133821
687 136212
688 124305
689 124474
690 162533
691 140479
692 161228
693 125135
694 125320
695 125491
696 125666
697 125850
698 146016
699 189660
700 184915
701 152992
702 142728
703 142841
704 143065
705 143325
706 143412
707 151110
708 151618
709 144085
710 144336
711 144476
712 144610
713 144930
714 145135
715 145216
716 145415
717 145686
718 145883
719 165698
720 130019
721 130284
722 130462
723 130543
724 130711
725 130991
726 131072
727 131302
728 131421
729 131658
730 131840
731 131981
732 132159
733 132399
734 132581
735 132803
736 132937
737 133053
738 133332
739 151918
740 133667
741 133829
742 133986
743 134131
744 134376
745 134517
746 134685
747 134927
748 135110
749 180098
750 135515
751 135637
752 135871
753 135930
754 136231
755 136365
756 136535
757 137508
758 152986
759 164876
760 154488
761 154687
762 154884
763 155087
764 155166
765 155366
766 148244
767 138578
768 138712
769 138956
770 139128
771 139236
772 139466
773 139580
774 139835
775 139917
776 140196
777 171696
778 140449
779 140748
780 140921
781 141042
782 141219
783 160244
784 159236
785 159446
786 159774
787 159898
788 160088
789 160235
790 160440
791 160643
792 160960
793 162704
794 143380
795 143561
796 143717
797 143997
798 144173
799 144348
800 144422
801 144608
802 144888
803 187227
804 174004
805 169515
806 145546
807 175701
808 145996
809 146119
810 146277
811 146473
812 146697
813 146871
814 147005
815 147189
816 147369
817 147485
818 162118
819 159538
820 148139
821 148276
822 148522
823 148623
824 148819
825 148937
826 149113
827 149393
828 149471
829 178654
830 149893
831 150017
832 161648
833 169265
834 216225
835 201981
836 229546
837 199842
838 193081
839 173450
840 189538
841 171045
842 171097
843 171271
844 171544
845 171668
846 172073
847 172113
848 172316
849 172453
850 172727
851 200361
852 173130
853 173328
854 173521
855 173773
856 173975
857 174108
858 169881
859 155201
860 155243
861 179231
862 175154
863 175292
864 175624
865 175687
866 175891
867 195134
868 168698
869 156939
870 183576
871 219635
872 255364
873 232518
874 196684
875 178016
876 178232
877 179011
878 179338
879 199265
880 245907
881 179275
882 179279
883 180040
884 179880
885 180713
886 181166
887 182080
888 183064
889 182153
890 183959
891 185680
892 185869
893 183939
894 242585
895 182362
896 183067
897 184106
898 183265
899 183578
900 183914
901 183790
902 183367
903 183873
904 183932
905 184124
906 217055
907 246609
908 184696
909 274039
910 252097
911 189458
912 258313
913 240104
914 281394
915 225459
916 186120
917 254522
918 277532
919 232383
920 279131
921 280520
922 201490
923 187528
924 188853
925 203481
926 194721
927 167403
928 168124
929 169976
930 172643
931 171780
932 169492
933 265446
934 170783
935 169794
936 169551
937 169407
938 169302
939 169565
940 169799
941 169866
942 170115
943 170222
944 170515
945 170689
946 170866
947 171046
948 171159
949 171311
950 171590
951 171656
952 171892
953 172144
954 172319
955 218664
956 199983
957 194346
958 194546
959 194815
960 195073
961 195201
962 195421
963 195618
964 195819
965 195973
966 196175
967 196377
968 196577
969 196900
970 196978
971 197332
972 197387
973 248470
974 197874
975 206772
976 198278
977 198464
978 195215
979 176793
980 177010
981 213304
982 199501
983 199671
984 199988
985 222640
986 244254
987 178260
988 178714
989 178704
990 211481
991 276553
992 336627
993 242765
994 247330
995 182929
996 179847
997 180024
998 183180
999 183919
1000 194953
1001 281607
1002 280172
1003 282277
1004 285227
1005 294948
1006 276020
1007 309550
1008 268167
1009 232113
1010 205162
1011 217842
1012 211954
1013 198017
1014 232268
1015 183299
1016 211299
1017 204578
1018 183891
1019 183965
1020 184152
1021 184354
1022 184520
1023 196083
1024 185405
1025 185084
1026 185271
1027 185457
1028 185586
1029 259365
1030 209248
1031 217139
1032 209638
1033 209868
1034 209973
1035 210229
1036 210506
1037 210665
1038 199688
1039 187539
1040 187775
1041 187933
1042 188067
1043 188332
1044 188449
1045 188710
1046 188829
1047 189044
1048 189170
1049 189429
1050 189520
1051 234427
1052 189885
1053 190067
1054 190307
1055 190461
1056 190674
1057 190857
1058 191063
1059 191239
1060 191404
1061 191597
1062 195940
1063 306020
1064 261816
1065 270484
1066 298821
1067 327545
1068 244662
1069 227559
1070 229612
1071 316727
1072 312530
1073 218404
1074 252754
1075 240234
1076 327270
1077 334307
1078 260075
1079 269784
1080 222349
1081 221924
1082 243758
1083 220037
1084 247980
1085 232068
1086 252537
1087 220749
1088 220959
1089 221321
1090 234392
1091 221697
1092 221812
1093 222008
1094 222692
1095 277056
1096 349505
1097 372249
1098 374774
1099 379665
1100 358262
1101 332168
1102 328373
1103 289473
1104 278244
1105 224500
1106 224842
1107 224893
1108 225371
1109 251254
1110 225479
1111 225775
1112 225880
1113 226509
1114 251306
1115 337893
1116 331396
1117 262730
1118 227288
1119 227230
1120 227789
1121 227825
1122 262099
1123 252221
1124 278110
1125 228518
1126 228975
1127 229565
1128 234685
1129 270444
1130 255084
1131 229742
1132 229950
1133 230056
1134 215711
1135 204938
1136 205084
1137 205311
1138 205463
1139 205677
1140 205762
1141 206033
1142 206213
1143 206389
1144 206530
1145 206750
1146 206952
1147 232930
1148 207304
1149 239087
1150 207661
1151 207872
1152 208010
1153 208194
1154 208374
1155 208554
1156 208703
1157 268023
1158 237221
1159 235432
1160 235645
1161 235868
1162 223437
1163 209976
1164 210163
1165 210338
1166 210533
1167 242572
1168 210872
1169 211072
1170 211302
1171 211392
1172 211639
1173 211789
1174 211966
1175 212171
1176 212319
1177 273670
1178 239295
1179 239543
1180 261851
1181 239897
1182 240026
1183 240291
1184 257225
1185 213960
1186 214108
1187 214338
1188 214484
1189 214660
1190 214877
1191 215054
1192 238036
1193 215418
1194 215629
1195 215810
1196 215925
1197 216132
1198 216333
1199 216482
1200 216689
1201 216871
1202 238622
1203 226966
1204 217319
1205 217588
1206 217753
1207 217939
1208 218093
1209 218279
1210 218423
1211 230723
1212 267469
1213 246383
1214 246662
1215 246851
1216 236836
1217 219666
1218 219913
1219 220102
1220 258585
1221 220449
1222 220614
1223 220819
1224 220987
1225 221623
1226 278648
1227 249180
1228 249350
1229 249624
1230 238590
1231 222176
1232 222492
1233 270946
1234 250666
1235 250854
1236 277924
1237 247227
1238 223600
1239 223734
1240 223873
1241 224057
1242 224233
1243 224417
1244 224622
1245 224775
1246 224950
1247 225155
1248 225341
1249 225470
1250 225694
1251 225894
1252 226052
1253 226257
1254 255294
1255 226583
1256 226730
1257 226942
1258 227115
1259 271712
1260 255902
1261 256034
1262 256333
1263 258160
1264 261756
1265 228392
1266 228520
1267 228723
1268 228915
1269 229094
1270 266508
1271 229458
1272 229576
1273 229811
1274 230041
1275 230111
1276 230376
1277 287306
1278 275763
1279 262613
1280 283844
1281 260239
1282 260306
1283 260608
1284 247434
1285 231919
1286 263276
1287 232417
1288 232548
1289 232726
1290 232897
1291 233110
1292 233314
1293 233464
1294 233644
1295 233790
1296 234004
1297 234182
1298 234325
1299 234537
1300 234679
1301 234898
1302 235107
1303 267133
1304 235377
1305 258695
1306 235849
1307 235893
1308 236169
1309 278943
1310 265984
1311 266283
1312 266492
1313 258855
1314 237144
1315 237437
1316 237530
1317 237706
1318 237889
1319 291445
1320 238350
1321 240167
1322 301156
1323 268630
1324 268963
1325 277082
1326 239307
1327 239631
1328 239768
1329 299629
1330 270182
1331 270414
1332 278455
1333 274242
1334 269472
1335 240940
1336 241152
1337 241404
1338 241473
1339 241754
1340 241874
1341 242011
1342 242288
1343 242396
1344 242577
1345 242853
1346 243025
1347 243119
1348 243383
1349 243465
1350 243647
1351 280796
1352 244084
1353 294859
1354 275038
1355 275165
1356 275333
1357 254444
1358 245095
1359 262258
1360 245501
1361 245637
1362 245892
1363 246075
1364 246163
1365 246443
1366 277252
1367 246704
1368 246984
1369 339899
1370 324369
1371 278807
1372 300862
1373 300724
1374 280044
1375 307310
1376 315021
1377 429077
1378 441085
1379 455462
1380 288345
1381 323472
1382 319045
1383 281054
1384 281696
1385 289280
1386 337058
1387 296448
1388 282137
1389 282276
1390 282417
1391 282583
1392 311403
1393 296364
1394 309262
1395 283456
1396 283622
1397 283767
1398 284089
1399 284193
1400 284586
1401 284603
1402 284863
1403 285175
1404 285268
1405 338356
1406 285604
1407 285841
1408 307663
1409 286180
1410 286435
1411 286621
1412 286876
1413 287073
1414 287135
1415 287431
1416 287860
1417 287774
1418 288284
1419 299763
1420 288389
1421 288654
1422 288821
1423 289004
1424 289246
1425 289808
1426 289908
1427 319025
1428 290243
1429 290447
1430 290753
1431 290847
1432 290794
1433 328087
1434 291387
1435 291435
1436 291682
1437 291889
1438 292066
1439 292465
1440 292418
1441 292636
1442 293042
1443 293281
1444 293698
1445 293760
1446 323280
1447 323201
1448 294335
1449 294199
1450 315387
1451 294825
1452 295126
1453 295155
1454 295295
1455 295666
1456 295895
1457 296300
1458 296342
1459 308273
1460 296787
1461 328428
1462 296984
1463 297189
1464 297321
1465 298084
1466 297846
1467 298101
1468 298327
1469 298858
1470 321882
1471 298969
1472 299274
1473 325518
1474 299465
1475 299847
1476 300009
1477 300659
1478 300221
1479 300399
1480 300864
1481 300833
1482 301141
1483 316640
1484 313757
1485 301741
1486 326692
1487 307197
1488 302633
1489 302491
1490 302620
1491 302949
1492 308184
1493 313850
1494 336106
1495 318325
1496 308461
1497 305005
1498 311346
1499 329323
1500 304877
1501 317694
1502 306178
1503 310942
1504 305994
1505 407699
1506 390226
1507 311315
1508 313981
1509 343489
1510 306603
1511 343429
1512 290387
1513 273111
1514 273339
1515 273529
1516 273614
1517 273925
1518 274069
1519 274172
1520 274454
1521 274521
1522 274788
1523 363197
1524 329460
1525 309793
1526 329396
1527 339882
1528 310314
1529 297016
1530 285580
1531 276388
1532 276623
1533 276761
1534 276929
1535 277122
1536 277270
1537 277469
1538 310580
1539 277834
1540 278059
1541 278216
1542 278380
1543 278462
1544 278744
1545 278922
1546 279099
1547 339276
1548 314405
1549 314592
1550 309667
1551 279951
1552 312168
1553 280301
1554 280546
1555 280646
1556 280946
1557 281081
1558 281165
1559 281347
1560 281620
1561 341728
1562 335628
1563 317382
1564 337342
1565 334364
1566 317951
1567 305870
1568 282975
1569 283237
1570 283354
1571 283601
1572 283788
1573 283983
1574 284091
1575 296756
1576 284460
1577 284764
1578 284943
1579 315381
1580 285249
1581 285415
1582 285520
1583 285801
1584 285966
1585 286051
1586 286232
1587 286505
1588 341627
1589 322707
1590 322824
1591 317125
1592 321387
1593 287514
1594 287664
1595 302748
1596 289203
1597 288244
1598 346484
1599 324723
1600 324953
1601 324112
1602 289243
1603 289453
1604 333252
1605 341050
1606 326177
1607 333327
1608 290199
1609 290512
1610 290636
1611 290728
1612 290902
1613 291079
1614 291375
1615 291578
1616 291760
1617 319957
1618 324286
1619 292266
1620 292502
1621 292636
1622 292714
1623 292992
1624 327213
1625 329913
1626 330261
1627 330495
1628 364989
1629 294080
1630 321137
1631 329793
1632 294631
1633 294800
1634 294891
1635 295162
1636 295244
1637 341330
1638 332681
1639 332930
1640 349711
1641 333271
1642 333379
1643 347504
1644 296727
1645 297001
1646 297139
1647 297226
1648 297501
1649 297692
1650 297758
1651 297944
1652 298234
1653 298418
1654 298597
1655 298793
1656 317110
1657 325470
1658 299223
1659 299538
1660 307226
1661 308412
1662 299995
1663 342390
1664 337956
1665 338081
1666 339502
1667 336763
1668 427915
1669 394412
1670 539564
1671 548187
1672 545133
1673 562111
1674 559393
1675 570759
1676 562642
1677 565562
1678 478199
1679 341667
1680 341723
1681 341450
1682 342338
1683 352984
1684 488483
1685 447076
1686 366748
1687 346338
1688 513926
1689 391618
1690 372424
1691 343426
1692 343638
1693 384788
1694 376526
1695 306018
1696 350936
1697 306399
1698 306524
1699 306633
1700 306931
1701 333902
1702 369332
1703 345851
1704 345943
1705 327551
1706 307889
1707 308162
1708 308313
1709 341513
1710 308628
1711 308873
1712 308961
1713 330558
1714 319333
1715 309493
1716 309740
1717 309957
1718 310021
1719 310320
1720 310517
1721 351872
1722 310864
1723 311035
1724 370070
1725 350298
1726 350515
1727 334524
1728 311977
1729 312145
1730 312194
1731 312419
1732 312580
1733 312900
1734 345379
1735 323243
1736 352529
1737 352651
1738 352975
1739 370356
1740 353254
1741 353573
1742 342585
1743 314589
1744 344226
1745 348239
1746 315211
1747 315371
1748 315523
1749 315738
1750 315919
1751 316135
1752 388549
1753 484568
1754 483062
1755 490500
1756 567386
1757 558026
1758 516742
1759 494483
1760 497624
1761 502280
1762 443280
1763 384435
1764 370183
1765 358371
1766 363778
1767 364236
1768 358929
1769 359233
1770 345496
1771 319761
1772 319794
1773 320084
1774 320143
1775 320324
1776 355250
1777 320822
1778 320958
1779 321155
1780 321328
1781 321506
1782 321686
1783 321758
1784 321972
1785 322244
1786 322318
1787 322604
1788 373616
1789 363329
1790 363508
1791 364232
1792 323527
1793 323649
1794 323764
1795 324031
1796 324093
1797 324397
1798 324474
1799 349486
1800 373003
1801 365642
1802 373150
1803 354553
1804 366412
1805 366621
1806 358205
1807 326242
1808 326367
1809 326453
1810 326662
1811 370399
1812 375496
1813 350142
1814 327366
1815 327608
1816 327723
1817 328010
1818 328187
1819 335970
1820 333389
1821 364659
1822 381246
1823 377407
1824 350860
1825 354644
1826 329679
1827 329808
1828 357948
1829 330220
1830 330401
1831 343360
1832 372131
1833 372121
1834 388809
1835 352522
1836 372894
1837 373053
1838 365267
1839 332030
1840 332053
1841 332348
1842 332408
1843 332585
1844 365785
1845 363157
1846 333145
1847 333359
1848 333475
1849 339796
1850 333977
1851 334138
1852 334215
1853 334505
1854 334689
1855 334846
1856 374804
1857 390168
1858 377200
1859 351845
1860 335802
1861 335968
1862 336026
1863 336209
1864 336388
1865 336710
1866 358867
1867 379195
1868 384332
1869 370126
1870 365356
1871 380019
1872 380096
1873 365232
1874 338359
1875 338366
1876 338553
1877 338846
1878 339030
1879 358716
1880 352647
1881 339590
1882 339659
1883 339924
1884 340096
1885 340153
1886 368682
1887 351930
1888 383362
1889 383620
1890 382973
1891 370409
1892 341548
1893 341635
1894 341903
1895 341966
1896 342252
1897 342319
1898 395846
1899 385659
1900 387116
1901 354772
1902 394930
1903 386479
1904 386822
1905 343919
1906 343975
1907 344252
1908 344426
1909 344492
1910 344667
1911 344844
1912 345151
1913 381205
1914 368448
1915 345733
1916 345854
1917 345944
1918 346243
1919 346399
1920 346582
1921 360100
1922 390191
1923 390512
1924 399882
1925 347541
1926 347549
1927 347780
1928 348058
1929 348141
1930 348413
1931 373001
1932 392229
1933 392608
1934 392628
1935 400953
1936 349464
1937 349623
1938 349835
1939 349901
1940 350190
1941 350393
1942 379122
1943 350635
1944 350814
1945 350995
1946 384221
1947 351349
1948 351686
1949 351707
1950 352004
1951 352186
1952 375673
1953 396662
1954 396700
1955 379727
1956 352977
1957 384194
1958 353449
1959 353622
1960 353789
1961 353872
1962 403283
1963 398617
1964 401969
1965 354768
1966 399122
1967 399345
1968 414207
1969 381255
1970 355509
1971 355838
1972 355983
1973 356158
1974 356215
1975 356391
1976 356700
1977 356883
1978 356927
1979 388730
1980 357408
1981 357525
1982 378253
1983 421946
1984 429028
1985 421551
1986 410796
1987 447357
1988 661215
1989 569534
1990 405800
1991 506009
1992 404875
1993 430633
1994 405345
1995 405521
1996 406411
1997 423346
1998 406054
1999 418922
2000 408265
2001 571061
2002 459290
2003 385103
2004 361626
2005 361942
2006 454741
2007 362226
2008 362364
2009 362658
2010 362721
2011 459127
2012 408524
2013 407507
2014 363543
2015 363755
2016 363790
2017 405349
2018 364179
2019 413490
2020 410241
2021 410418
2022 391835
2023 365177
2024 437043
2025 411188
2026 407167
2027 403415
2028 366068
2029 366262
2030 366464
2031 366638
2032 366696
2033 366874
2034 367047
2035 367341
2036 367534
2037 367579
2038 396342
2039 368048
2040 435393
2041 414344
2042 409263
2043 368664
2044 368963
2045 399134
2046 369374
2047 369513
2048 408943
2049 369873
2050 370093
2051 416514
2052 416698
2053 432984
2054 416977
2055 409166
2056 371145
2057 371372
2058 404883
2059 371565
2060 371839
2061 372074
2062 372246
2063 372388
2064 372453
2065 372781
2066 372834
2067 373011
2068 407150
2069 384322
2070 373574
2071 429679
2072 420753
2073 420965
2074 384507
2075 374609
2076 374724
2077 374913
2078 374977
2079 438734
2080 422400
2081 422576
2082 422854
2083 423030
2084 399360
2085 376255
2086 376434
2087 376735
2088 376787
2089 408603
2090 377258
2091 377325
2092 377628
2093 377679
2094 377862
2095 378160
2096 378248
2097 392473
2098 378756
2099 420262
2100 426438
2101 426700
2102 411067
2103 379493
2104 409862
2105 407325
2106 380131
2107 408437
2108 380581
2109 418566
2110 424823
2111 428589
2112 428920
2113 429106
2114 433080
2115 381657
2116 381833
2117 382144
2118 382192
2119 411057
2120 382689
2121 382864
2122 395903
2123 383222
2124 383295
2125 383469
2126 383674
2127 404870
2128 432191
2129 447165
2130 438393
2131 403925
2132 384715
2133 384890
2134 385120
2135 385274
2136 385580
2137 385757
2138 442005
2139 440977
2140 434443
2141 434763
2142 427410
2143 386863
2144 386984
2145 387191
2146 387287
2147 400147
2148 420766
2149 387807
2150 388110
2151 388161
2152 388467
2153 388671
2154 388812
2155 388987
2156 389048
2157 401043
2158 449512
2159 438291
2160 419703
2161 390084
2162 390269
2163 390325
2164 390637
2165 421087
2166 439902
2167 440012
2168 442620
2169 391571
2170 441417
2171 444355
2172 430739
2173 392260
2174 392320
2175 392622
2176 392796
2177 392847
2178 422737
2179 393332
2180 393500
2181 393563
2182 393859
2183 394047
2184 394217
2185 460661
2186 443816
2187 453469
2188 404297
2189 395174
2190 395223
2191 395486
2192 395684
2193 395726
2194 395906
2195 455424
2196 446026
2197 451847
2198 446206
2199 439592
2200 397158
2201 428148
2202 397522
2203 397698
2204 397717
2205 398026
2206 398200
2207 440097
2208 400810
2209 398638
2210 398816
2211 399097
2212 399300
2213 399346
2214 434888
2215 449673
2216 465162
2217 400191
2218 415289
2219 418392
2220 428582
2221 435914
2222 451075
2223 451469
2224 451671
2225 451817
2226 1208170
2227 1205918
2228 1206465
2229 869923
2230 639199
2231 549726
2232 517848
2233 472970
2234 453514
2235 426273
2236 431591
2237 431988
2238 403836
2239 404151
2240 404355
2241 404536
2242 458066
2243 455351
2244 473055
2245 455939
2246 468349
2247 418324
2248 405759
2249 406020
2250 406005
2251 406312
2252 406551
2253 406567
2254 406827
2255 410715
2256 424277
2257 407404
2258 407487
2259 459853
2260 458792
2261 443394
2262 408168
2263 408525
2264 408686
2265 437338
2266 408912
2267 409120
2268 454681
2269 460625
2270 468491
2271 461220
2272 461413
2273 433060
2274 447369
2275 410649
2276 410827
2277 410881
2278 411193
2279 411422
2280 411440
2281 411745
2282 411923
2283 448068
2284 422400
2285 412491
2286 412535
2287 443740
2288 464686
2289 470871
2290 413275
2291 413595
2292 413595
2293 445001
2294 414051
2295 540887
2296 534935
2297 506511
2298 574574
2299 591462
2300 526089
2301 626573
2302 704644
2303 549469
2304 727030
2305 682620
2306 748058
2307 767126
2308 774663
2309 775688
2310 705534
2311 646452
2312 718160
2313 665934
2314 470903
2315 500711
2316 471140
2317 540011
2318 470785
2319 486766
2320 471448
2321 472047
2322 472073
2323 472101
2324 472715
2325 472851
2326 473369
2327 474319
2328 498714
2329 473165
2330 500830
2331 473254
2332 456458
2333 421104
2334 421329
2335 421479
2336 421691
2337 454509
2338 438660
2339 475210
2340 475131
2341 495729
2342 475696
2343 484047
2344 423097
2345 454193
2346 423457
2347 423679
2348 423818
2349 457114
2350 437524
2351 440928
2352 424532
2353 424589
2354 458507
2355 521601
2356 478292
2357 456948
2358 425678
2359 425778
2360 425867
2361 426181
2362 426347
2363 487290
2364 479926
2365 488292
2366 491484
2367 480711
2368 464919
2369 427488
2370 427763
2371 427851
2372 462981
2373 428224
2374 428391
2375 428698
2376 428739
2377 429039
2378 429230
2379 429281
2380 429458
2381 463764
2382 491042
2383 483779
2384 468807
2385 430376
2386 443375
2387 446554
2388 520110
2389 485088
2390 514191
2391 499249
2392 485736
2393 446697
2394 431978
2395 432214
2396 432385
2397 432540
2398 467251
2399 433068
