3 346
4 125
5 142
6 137
7 140
8 164
9 183
10 164
11 173
12 168
13 171
14 129
15 193
16 194
17 177
18 197
19 183
20 189
21 187
22 207
23 220
24 214
25 222
26 221
27 216
28 227
29 238
30 245
31 237
32 236
33 262
34 269
35 261
36 289
37 276
38 254
39 287
40 294
41 297
42 299
43 311
44 329
45 302
46 308
47 308
48 341
49 333
50 326
51 346
52 343
53 334
54 351
55 334
56 344
57 347
58 344
59 372
60 364
61 384
62 394
63 386
64 392
65 408
66 352
67 324
68 385
69 402
70 434
71 398
72 416
73 438
74 445
75 443
76 437
77 432
78 474
79 459
80 437
81 490
82 463
83 534
84 445
85 418
86 485
87 496
88 503
89 464
90 518
91 492
92 498
93 510
94 510
95 515
96 538
97 555
98 536
99 518
100 531
101 541
102 542
103 540
104 551
105 574
106 583
107 549
108 573
109 585
110 555
111 566
112 577
113 593
114 581
115 604
116 587
117 578
118 623
119 630
120 672
121 624
122 601
123 660
124 635
125 598
126 647
127 622
128 651
129 648
130 643
131 615
132 679
133 634
134 680
135 677
136 654
137 690
138 667
139 697
140 654
141 684
142 652
143 731
144 723
145 757
146 694
147 741
148 738
149 738
150 735
151 795
152 762
153 763
154 753
155 765
156 775
157 794
158 822
159 766
160 758
161 807
162 745
163 780
164 835
165 783
166 775
167 781
168 837
169 839
170 814
171 868
172 839
173 872
174 853
175 831
176 865
177 880
178 865
179 814
180 993
181 934
182 858
183 914
184 905
185 892
186 893
187 874
188 915
189 844
190 865
191 862
192 900
193 945
194 938
195 901
196 966
197 872
198 915
199 969
200 934
201 983
202 919
203 984
204 1019
205 1029
206 1006
207 975
208 956
209 1006
210 985
211 957
212 1046
213 1046
214 977
215 984
216 967
217 1025
218 1006
219 1042
220 1001
221 969
222 939
223 1012
224 1007
225 993
226 1121
227 1047
228 1054
229 1046
230 1069
231 1072
232 1041
233 1131
234 1090
235 1040
236 1106
237 1061
238 1148
239 1155
240 1116
241 1062
242 1106
243 1170
244 1137
245 1129
246 1153
247 1155
248 1136
249 1149
250 1149
251 1019
252 1158
253 1161
254 1130
255 1182
256 1188
257 1174
258 1151
259 1156
260 1159
261 1174
262 1136
263 812
264 861
265 865
266 1290
267 1226
268 1138
269 1174
270 1208
271 1126
272 1203
273 1128
274 1179
275 1261
276 1259
277 1241
278 1308
279 1265
280 1253
281 1219
282 1267
283 1241
284 1266
285 1225
286 1190
287 1054
288 1211
289 1328
290 1297
291 1298
292 1256
293 1293
294 1290
295 1303
296 1273
297 1386
298 1406
299 1348
300 1231
301 1296
302 1351
303 1322
304 1343
305 1325
306 1423
307 1322
308 1358
309 1378
310 1369
311 1306
312 1390
313 1452
314 1360
315 1355
316 1428
317 1470
318 1418
319 1367
320 1454
321 1376
322 1482
323 1460
324 1414
325 1464
326 1508
327 1474
328 1425
329 1470
330 1507
331 1425
332 1568
333 1418
334 1512
335 1549
336 1525
337 1515
338 1486
339 1558
340 1480
341 1505
342 1604
343 1500
344 1536
345 1509
346 1553
347 1567
348 1492
349 1506
350 1553
351 1510
352 1587
353 1522
354 1514
355 1521
356 1520
357 1528
358 1571
359 1614
360 1468
361 1490
362 1557
363 1359
364 1567
365 1568
366 1577
367 1291
368 1109
369 1144
370 1161
371 1283
372 1159
373 1175
374 1236
375 1136
376 1292
377 1074
378 1221
379 1360
380 1425
381 1611
382 1154
383 1423
384 1630
385 1746
386 1722
387 1634
388 1237
389 1438
390 1266
391 1309
392 1289
393 1227
394 1286
395 1260
396 1275
397 1185
398 1284
399 1325
400 1550
401 1478
402 1488
403 1223
404 1247
405 1398
406 1548
407 1258
408 1362
409 1303
410 1290
411 1330
412 1437
413 1398
414 1401
415 1456
416 1363
417 1333
418 1331
419 1499
420 1318
421 1280
422 1422
423 2961
424 1411
425 1794
426 1726
427 1335
428 1445
429 1627
430 1856
431 1871
432 1851
433 1889
434 1789
435 1882
436 1816
437 1777
438 1650
439 1831
440 1904
441 1936
442 1896
443 1941
444 1890
445 1906
446 2082
447 2085
448 1883
449 1918
450 1872
451 1953
452 1874
453 1921
454 1894
455 1988
456 1949
457 1951
458 1931
459 1948
460 1961
461 1940
462 2009
463 1951
464 1726
465 1556
466 1447
467 2228
468 2076
469 2058
470 1915
471 1938
472 2119
473 1916
474 1981
475 2050
476 2026
477 1977
478 1995
479 1923
480 1859
481 1982
482 1883
483 2216
484 1949
485 2030
486 2191
487 2062
488 2093
489 2091
490 1965
491 1951
492 2098
493 2045
494 2116
495 2046
496 2038
497 2055
498 1970
499 1953
500 2091
501 2078
502 2133
503 2108
504 2148
505 1975
506 1871
507 2123
508 1878
509 2088
510 2114
511 2131
512 2131
513 2185
514 2194
515 2188
516 2123
517 2233
518 2109
519 2118
520 2145
521 1716
522 1913
523 2051
524 1948
525 1919
526 1654
527 1789
528 1717
529 1999
530 1686
531 1991
532 2134
533 1978
534 1666
535 1796
536 1959
537 2056
538 1778
539 1972
540 1719
541 1666
542 1834
543 1918
544 2259
545 2065
546 2170
547 2255
548 2230
549 2167
550 2189
551 2263
552 1823
553 2291
554 2117
555 2094
556 2245
557 2281
558 2426
559 2255
560 2219
561 2317
562 2309
563 2342
564 2432
565 2377
566 2307
567 2434
568 2347
569 2400
570 2449
571 2407
572 2366
573 2415
574 2396
575 2414
576 2424
577 2460
578 2458
579 2391
580 2401
581 2449
582 2419
583 2402
584 2467
585 2437
586 2450
587 2413
588 2405
589 2496
590 2448
591 2487
592 2420
593 2491
594 2474
595 2456
596 2398
597 2469
598 2411
599 2541
600 2360
601 2514
602 2518
603 2514
604 2507
605 2494
606 2499
607 2551
608 2507
609 2526
610 2522
611 2657
612 2513
613 2571
614 2529
615 2507
616 2615
617 2561
618 2524
619 2581
620 2606
621 2523
622 2623
623 2546
624 2575
625 2518
626 2566
627 2671
628 2554
629 2626
630 2636
631 2606
632 2578
633 2541
634 2644
635 2675
636 2668
637 2626
638 2636
639 2855
640 2624
641 2638
642 2663
643 2613
644 2697
645 2666
646 2701
647 2988
648 2698
649 2665
650 2733
651 2686
652 2818
653 2763
654 2800
655 2746
656 2763
657 2884
658 2790
659 2805
660 2919
661 2799
662 2714
663 2731
664 2795
665 2815
666 2717
667 2781
668 2957
669 2698
670 2738
671 2743
672 2726
673 2836
674 2770
675 2750
676 2768
677 2766
678 2834
679 2870
680 2859
681 2811
682 2895
683 2815
684 2902
685 2755
686 2793
687 2963
688 2810
689 111034
690 2860
691 2651
692 2821
693 2817
694 2934
695 2701
696 2890
697 2895
698 2957
699 2455
700 2516
701 2389
702 2175
703 2143
704 2324
705 2322
706 2346
707 2045
708 2110
709 2270
710 2434
711 2173
712 2142
713 2337
714 2111
715 2017
716 2110
717 2175
718 2187
719 2609
720 2121
721 2243
722 2212
723 2271
724 2200
725 2184
726 2369
727 2484
728 2697
729 2663
730 2457
731 2277
732 2644
733 2228
734 2339
735 2168
736 2335
737 2344
738 2416
739 2529
740 2354
741 2289
742 2380
743 2261
744 2268
745 2404
746 2970
747 2481
748 2444
749 2758
750 2791
751 2395
752 2471
753 2310
754 2251
755 2362
756 3003
757 2477
758 2246
759 2426
760 2544
761 2484
762 2487
763 2311
764 2377
765 2678
766 2422
767 2404
768 2499
769 2484
770 2441
771 2435
772 2454
773 2368
774 2381
775 2683
776 2656
777 2779
778 2721
779 2680
780 3555
781 2498
782 2711
783 2567
784 2362
785 2322
786 2369
787 2438
788 2278
789 2422
790 2405
791 2915
792 2846
793 2691
794 2901
795 2499
796 2567
797 2449
798 2651
799 2566
800 2534
801 2407
802 2472
803 2503
804 2536
805 2691
806 2914
807 2669
808 2831
809 1999
810 1993
811 1986
812 1986
813 2015
814 2019
815 1943
816 1988
817 2009
818 1943
819 2030
820 2028
821 2021
822 2033
823 2030
824 1975
825 2025
826 1965
827 2000
828 2020
829 2037
830 2044
831 2042
832 2025
833 2875
834 3125
835 3164
836 2470
837 2683
838 2374
839 2494
840 2867
841 2676
842 2902
843 2786
844 2778
845 2821
846 2955
847 2919
848 3470
849 3404
850 2987
851 3121
852 2753
853 3094
854 3144
855 3288
856 2580
857 2681
858 2862
859 3211
860 3461
861 3094
862 3054
863 2937
864 2745
865 2848
866 3111
867 3216
868 2767
869 3336
870 3419
871 3056
872 2148
873 2123
874 2174
875 2162
876 2145
877 2141
878 2185
879 2148
880 2142
881 2125
882 2165
883 2185
884 2182
885 2161
886 2165
887 2160
888 2175
889 2188
890 2199
891 2167
892 2161
893 2187
894 2254
895 2187
896 2192
897 2256
898 2138
899 2192
900 2217
901 2196
902 2192
903 2225
904 2157
905 2200
906 2180
907 2220
908 2241
909 2257
910 2240
911 2260
912 2229
913 2225
914 2225
915 2295
916 2256
917 2247
918 2265
919 2258
920 2205
921 2263
922 2263
923 2288
924 2329
925 2284
926 2280
927 2272
928 2288
929 2299
930 2305
931 2441
932 2295
933 2293
934 2282
935 2376
936 2314
937 2271
938 2335
939 2287
940 2292
941 2320
942 2301
943 2267
944 2328
945 2300
946 2336
947 2388
948 2331
949 2835
950 2976
951 3017
952 3363
953 3551
954 3488
955 3765
956 2684
957 2840
958 2872
959 2798
960 2718
961 2845
962 2980
963 3408
964 3411
965 2833
966 3203
967 2833
968 2994
969 3379
970 3132
971 3495
972 3277
973 3773
974 3769
975 3587
976 3264
977 3245
978 2863
979 3648
980 2958
981 3710
982 3263
983 2424
984 2444
985 2367
986 2439
987 2395
988 2417
989 2426
990 2433
991 2441
992 2457
993 2421
994 2461
995 2380
996 2471
997 5740
998 3446
999 3118
3 304
4 112
5 101
6 123
7 120
8 174
9 181
10 116
11 127
12 103
13 95
14 107
15 128
16 104
17 129
18 132
19 136
20 113
21 131
22 132
23 142
24 147
25 169
26 154
27 140
28 145
29 148
30 151
31 181
32 159
33 154
34 157
35 172
36 180
37 157
38 182
39 179
40 181
41 184
42 180
43 191
44 199
45 214
46 214
47 200
48 207
49 243030
50 258
51 248
52 214
53 254
54 251
55 229
56 236
57 229
58 242
59 242
60 251
61 260
62 249
63 244
64 245
65 254
66 240
67 250
68 269
69 271
70 265
71 296
72 270
73 278
74 269
75 279
76 312
77 279
78 295
79 280
80 327
81 299
82 287
83 302
84 312
85 297
86 304
87 292
88 289
89 356
90 349
91 335
92 349
93 312
94 389
95 338
96 323
97 347
98 334
99 347
100 407
101 354
102 365
103 372
104 356
105 344
106 339
107 358
108 363
109 392
110 375
111 414
112 421
113 467
114 379
115 391
116 381
117 393
118 384
119 414
120 411
121 412
122 394
123 410
124 396
125 419
126 424
127 401
128 427
129 423
130 414
131 461
132 416
133 425
134 471
135 431
136 438
137 438
138 434
139 453
140 458
141 448
142 466
143 773
144 495
145 503
146 485
147 495
148 465
149 531
150 491
151 498
152 475
153 484
154 516
155 1645
156 530
157 505
158 536
159 513
160 533
161 505
162 593
163 553
164 537
165 593
166 536
167 580
168 561
169 556
170 585
171 563
172 540
173 557
174 556
175 620
176 578
177 569
178 537
179 588
180 586
181 626
182 588
183 617
184 603
185 625
186 617
187 588
188 618
189 625
190 622
191 688
192 626
193 646
194 652
195 655
196 603
197 609
198 657
199 688
200 662
201 620
202 735
203 690
204 649
205 745
206 776
207 660
208 639
209 643
210 719
211 1063
212 702
213 682
214 725
215 628
216 710
217 697
218 730
219 723
220 707
221 738
222 710
223 721
224 667
225 685
226 903
227 661
228 710
229 710
230 738
231 723
232 777
233 688
234 741
235 715
236 734
237 728
238 776
239 759
240 755
241 825
242 745
243 711
244 715
245 812
246 780
247 765
248 891
249 764
250 799
251 800
252 814
253 780
254 922
255 829
256 876
257 799
258 812
259 762
260 788
261 799
262 837
263 822
264 808
265 839
266 833
267 840
268 862
269 824
270 884
271 796
272 875
273 847
274 819
275 856
276 860
277 845
278 835
279 864
280 842
281 847
282 899
283 954
284 910
285 1045
286 903
287 900
288 954
289 844
290 901
291 880
292 896
293 860
294 937
295 921
296 871
297 924
298 962
299 891
300 928
301 954
302 889
303 979
304 943
305 897
306 984
307 882
308 961
309 957
310 922
311 940
312 937
313 951
314 986
315 969
316 1024
317 955
318 978
319 959
320 1001
321 959
322 947
323 1029
324 968
325 1011
326 989
327 967
328 1057
329 1056
330 1106
331 1090
332 996
333 1013
334 996
335 1053
336 1026
337 1046
338 1008
339 1044
340 999
341 1013
342 1048
343 1043
344 1081
345 1101
346 1216
347 1069
348 1024
349 1058
350 1022
351 1141
352 1096
353 1097
354 1161
355 1084
356 1011
357 1154
358 1240
359 1016
360 1082
361 1112
362 1057
363 1118
364 1076
365 1069
366 1233
367 1153
368 1206
369 1105
370 1106
371 1153
372 1104
373 1074
374 1136
375 1135
376 1105
377 1136
378 1111
379 1267
380 1094
381 1336
382 1231
383 1169
384 1224
385 1293
386 1104
387 1134
388 1148
389 1211
390 1383
391 1173
392 1159
393 1221
394 1166
395 1228
396 1208
397 1159
398 1164
399 1215
400 1265
401 1328
402 1176
403 1238
404 1196
405 1170
406 1316
407 1237
408 1175
409 1455
410 1263
411 1398
412 1495
413 1611
414 1223
415 1271
416 1249
417 1291
418 1194
419 1253
420 1437
421 1661
422 1213
423 1246
424 1368
425 1296
426 1722
427 1225
428 1285
429 1308
430 1272
431 1328
432 1331
433 1279
434 1273
435 1253
436 1427
437 1353
438 1348
439 1299
440 1318
441 1397
442 1268
443 1554
444 1506
445 1379
446 1716
447 1343
448 1352
449 1420
450 1415
451 1367
452 1483
453 1326
454 1338
455 1353
456 1360
457 1485
458 1308
459 1503
460 1378
461 1369
462 1377
463 1522
464 1359
465 1442
466 1652
467 1387
468 1303
469 1375
470 1352
471 1341
472 1425
473 1836
474 1372
475 1410
476 1378
477 1403
478 1436
479 1763
480 1416
481 1432
482 1421
483 1470
484 1446
485 1465
486 1483
487 1433
488 1417
489 1448
490 1418
491 1464
492 1430
493 1591
494 1466
495 1432
496 1462
497 1404
498 1644
499 1487
500 1476
501 1490
502 1505
503 1509
504 1554
505 1542
506 1625
507 1525
508 1472
509 1427
510 1466
511 1522
512 1510
513 1461
514 1500
515 1506
516 1484
517 1431
518 1492
519 1533
520 1496
521 1510
522 1476
523 1516
524 1523
525 1609
526 1483
527 1474
528 1514
529 1537
530 1558
531 1533
532 1515
533 1584
534 1572
535 1570
536 1557
537 2275
538 1509
539 1621
540 1670
541 1536
542 1589
543 2190
544 1499
545 1570
546 1586
547 1756
548 1553
549 1557
550 2307
551 1953
552 1622
553 1621
554 1617
555 1858
556 1574
557 1582
558 1542
559 1566
560 1801
561 1625
562 1610
563 1568
564 2061
565 1793
566 1880
567 1709
568 1690
569 1684
570 1606
571 1574
572 1640
573 1590
574 1663
575 1694
576 1670
577 1594
578 1627
579 1679
580 1713
581 1694
582 1801
583 1674
584 1660
585 1773
586 1652
587 1673
588 1728
589 1719
590 1717
591 1704
592 1729
593 1729
594 1717
595 1759
596 1739
597 2006
598 1729
599 1812
600 1770
601 1759
602 1757
603 1749
604 1736
605 1744
606 1796
607 1734
608 1796
609 1721
610 1761
611 1751
612 1734
613 1749
614 1806
615 1829
616 1829
617 1793
618 1744
619 1721
620 1759
621 1810
622 1771
623 1812
624 1784
625 2080
626 1843
627 1828
628 1816
629 1871
630 1766
631 1784
632 1831
633 1848
634 1779
635 1854
636 1896
637 1878
638 1941
639 1913
640 1920
641 1842
642 1807
643 1951
644 1906
645 1893
646 1907
647 1861
648 1887
649 1834
650 1888
651 1874
652 1846
653 1913
654 1927
655 1884
656 1873
657 1898
658 2042
659 2230
660 1918
661 1931
662 1866
663 1956
664 1940
665 1937
666 1904
667 1952
668 1935
669 1977
670 1896
671 1964
672 1991
673 1978
674 2218
675 1931
676 1955
677 2031
678 1918
679 2063
680 1968
681 2059
682 1938
683 1932
684 1983
685 1966
686 2483
687 2354
688 1958
689 1962
690 1973
691 2028
692 1978
693 2137
694 1981
695 2041
696 2010
697 2033
698 2001
699 2263
700 2005
701 2163
702 2015
703 2249
704 2036
705 2006
706 2059
707 2103
708 2079
709 2071
710 2038
711 2063
712 2028
713 2254
714 2035
715 2063
716 2205
717 2088
718 2034
719 2048
720 2058
721 2073
722 2122
723 2055
724 2060
725 2048
726 2078
727 2080
728 2459
729 2099
730 2103
731 2137
732 2065
733 2251
734 2108
735 2128
736 2231
737 2128
738 2100
739 2118
740 2160
741 2103
742 2467
743 2117
744 2123
745 2115
746 2211
747 2085
748 2149
749 2387
750 2369
751 2120
752 2168
753 2200
754 2142
755 2187
756 2184
757 2238
758 2125
759 2441
760 2170
761 2193
762 2220
763 2168
764 2172
765 2149
766 2242
767 2258
768 2303
769 2186
770 2225
771 2243
772 2205
773 2422
774 2247
775 2201
776 2257
777 2266
778 1668036
779 2631
780 2275
781 2370
782 2407
783 2352
784 2395
785 2402
786 2273
787 2304
788 1593998
789 2497
790 2248
791 2335
792 2414
793 2272
794 2315
795 2322
796 2285
797 2320
798 2289
799 2222
800 2367
801 2576
802 2254
803 2264
804 2327
805 2284
806 2274
807 2394
808 2300
809 2334
810 2316
811 2267
812 2297
813 2406
814 2359
815 2376
816 2360
817 2312
818 2317
819 2380
820 2345
821 2441
822 10122461
823 2472
824 2407
825 2351
826 2576
827 19620
828 2519
829 2515
830 2401
831 2372
832 2412
833 2407
834 2359
835 2671
836 2374
837 2421
838 2422
839 2363
840 2505
841 2382
842 2676
843 2382
844 2384
845 2431
846 2456
847 2396
848 2474
849 2442
850 2457
851 2408
852 2427
853 2439
854 2397
855 2461
856 2420
857 2420
858 2484
859 2433
860 2372
861 2471
862 2535
863 2444
864 2428
865 2480
866 2497
867 2481
868 2424
869 2496
870 2428
871 2424
872 2478
873 2482
874 2536
875 2430
876 2528
877 2546
878 2453
879 2519
880 2471
881 2491
882 2541
883 2459
884 2523
885 2539
886 2596
887 2506
888 2446
889 2556
890 2554
891 2538
892 2596
893 2561
894 2738
895 2536
896 2713
897 2665
898 2740
899 2559
900 2559
901 2601
902 2574
903 2683
904 2554
905 2648
906 2541
907 2576
908 2558
909 2613
910 2702
911 2601
912 2571
913 2810
914 2598
915 2663
916 2602
917 2647
918 2620
919 2866
920 2650
921 2676
922 2626
923 2597
924 2791
925 2636
926 2678
927 2817
928 2811
929 2657
930 3032
931 2772
932 2678
933 3040
934 2705
935 2820
936 2761
937 2631
938 2720
939 3027
940 3002
941 2686
942 3082
943 2961
944 3364
945 2680
946 2888
947 2847
948 2663
949 2842
950 2651
951 2736
952 2773
953 2920
954 2743
955 3045
956 2738
957 2700
958 2938
959 2855
960 45128
961 13553
962 34532
963 21453
964 11090
965 19278
966 15207
967 20513
968 11287
969 17616
970 15821
971 6856
972 7321
973 3565
974 5970
975 8504
976 5386
977 4070
978 5115
979 4539
980 4183
981 4028
982 4708
983 3649
984 3249
985 3901
986 3664
987 3181
988 3598
989 17968
990 3777
991 3831
992 4073
993 3882
994 3595
995 3849
996 4607
997 3177
998 3238
999 3766
