0 233
1 552
2 682
3 527
4 607
5 800
6 955
7 3763
8 1136
9 1672
10 1329
11 1644
12 1645
13 1494
14 2254
15 2058
16 1702
17 2271
18 2778
19 2274
20 2336
21 2401
22 2275
23 2716
24 2828
25 3458
26 3095
27 2117
28 2547
29 2350
30 2405
31 3213
32 2537
33 2549
34 2724
35 3257
36 3007
37 3326
38 3154
39 3279
40 3077
41 3199
42 3461
43 5731
44 12059
45 4500
46 4129
47 6081
48 8477
49 8227
50 5797
51 5313
52 4528
53 4061
54 4096
55 3798
56 8293
57 4321
58 7384
59 7646
60 10805
61 8032
62 5942
63 34401
64 5591
65 5442
66 4453
67 4278
68 5556
69 6344
70 11882
71 5535
72 8272
73 9973
74 6332
75 7798
76 7539
77 6756
78 9230
79 7037
80 7340
81 6622
82 8444
83 9612
84 7180
85 9447
86 9359
87 13690
88 14251
89 10024
90 9800
91 24452
92 9991
93 9450
94 8938
95 9942
96 9416
97 8758
98 16125
99 9001
0 112
1 299
2 475
3 393
4 368
5 545
6 558
7 2336
8 724
9 1018
10 833
11 916
12 971
13 891
14 1107
15 1111
16 966
17 1268
18 1590
19 1305
20 1318
21 1589
22 1411
23 1999
24 1842
25 1636
26 2124
27 1765
28 2124
29 2306
30 1808
31 2082
32 1977
33 2031
34 2576
35 2783
36 2965
37 2796
38 2910
39 2883
40 2587
41 2648
42 6229
43 7900
44 13775
45 6665
46 7630
47 16148
48 6810
49 6659
50 5276
51 4265
52 4121
53 5414
54 3767
55 5323
56 4647
57 3871
58 4812
59 4428
60 5237
61 5163
62 4597
63 7412
64 4963
65 4454
66 5626
67 4327
68 4827
69 6288
70 6027
71 5925
72 5558
73 5185
74 6409
75 6004
76 7354
77 6320
78 7856
79 6221
80 7560
81 6083
82 7819
83 8357
84 7383
85 8126
86 6350
87 7594
88 8890
89 7221
90 8623
91 7898
92 9998
93 7838
94 8810
95 9995
96 9016
97 11859
98 12478
99 8415
0 166
1 289
2 387
3 362
4 348
5 510
6 568
7 2292
8 729
9 1032
10 821
11 899
12 915
13 928
14 1293
15 1205
16 1127
17 1356
18 1763
19 1335
20 1291
21 1688
22 1403
23 1861
24 1567
25 1457
26 1996
27 1584
28 1838
29 1976
30 1856
31 1954
32 2883
33 2397
34 2450
35 2955
36 2620
37 2526
38 2472
39 2998
40 2650
41 2788
42 2911
43 3347
44 8158
45 3508
46 6259
47 4140
48 3528
49 3688
50 3876
51 4128
52 3903
53 3801
54 3855
55 5096
56 4623
57 4357
58 4176
59 4341
60 5121
61 5943
62 5063
63 9465
64 5192
65 4449
66 5484
67 4342
68 5090
69 4987
70 6883
71 5106
72 5855
73 5687
74 7133
75 6077
76 7372
77 6847
78 6801
79 5897
80 7521
81 7459
82 8751
83 8402
84 7133
85 7650
86 6331
87 8706
88 8546
89 6902
90 8018
91 7896
92 9482
93 9149
94 7210
95 9701
96 9930
97 9614
98 19695
99 8446
0 155
1 342
2 345
3 352
4 333
5 432
6 557
7 2120
8 646
9 942
10 758
11 795
12 862
13 791
14 1200
15 1131
16 997
17 1191
18 1602
19 1282
20 1290
21 1653
22 1428
23 1701
24 1658
25 1484
26 1783
27 1528
28 1759
29 2002
30 1813
31 3861
32 2440
33 2417
34 2535
35 2903
36 2753
37 2776
38 2625
39 2535
40 2703
41 2885
42 2987
43 3329
44 8105
45 3526
46 5285
47 4419
48 3299
49 4489
50 3712
51 4262
52 4252
53 3518
54 3671
55 4428
56 4573
57 4192
58 4087
59 5256
60 4410
61 5500
62 5224
63 9475
64 5064
65 4663
66 4974
67 4027
68 4935
69 6816
70 6177
71 5773
72 5537
73 5444
74 5997
75 6273
76 6880
77 6213
78 6873
79 5966
80 7677
81 7914
82 8371
83 7802
84 6952
85 7425
86 6665
87 7904
88 8544
89 7852
90 8005
91 8731
92 9082
93 8081
94 7299
95 8153
96 8174
97 8690
98 12152
99 8243
0 100
1 316
2 395
3 332
4 334
5 460
6 540
7 2200
8 607
9 950
10 733
11 793
12 902
13 803
14 1164
15 1090
16 977
17 1295
18 1660
19 1329
20 1305
21 1506
22 1529
23 1700
24 1654
25 1390
26 2027
27 1500
28 1759
29 2136
30 1913
31 2010
32 2876
33 2355
34 2507
35 3059
36 4899
37 4630
38 4708
39 4633
40 4853
41 5854
42 5669
43 5307
44 8262
45 3184
46 3564
47 7145
48 3720
49 4043
50 3261
51 4234
52 3846
53 3961
54 4663
55 3936
56 4276
57 4980
58 4251
59 4967
60 4358
61 6102
62 4310
63 26986
64 7826
65 4717
66 4689
67 4670
68 6873
69 5588
70 5356
71 5557
72 5958
73 5904
74 6717
75 7299
76 5658
77 8510
78 6745
79 8051
80 6980
81 6955
82 7249
83 7544
84 8880
85 8345
86 6607
87 7047
88 7163
89 9017
90 9031
91 6814
92 8007
93 8307
94 8661
95 7636
96 8323
97 9649
98 12715
99 8434
0 115
1 288
2 398
3 337
4 328
5 440
6 534
7 2052
8 657
9 889
10 751
11 795
12 823
13 825
14 1142
15 1115
16 1016
17 1242
18 1548
19 1246
20 1509
21 1802
22 1556
23 1973
24 1836
25 1873
26 2019
27 1792
28 1965
29 2168
30 1905
31 1991
32 1882
33 2258
34 2337
35 2881
36 2725
37 2477
38 2485
39 3112
40 3159
41 3053
42 2946
43 3471
44 5730
45 3345
46 3840
47 5111
48 3729
49 4436
50 3670
51 4949
52 4735
53 4374
54 4870
55 4710
56 5138
57 4410
58 4907
59 4939
60 5940
61 6384
62 4936
63 9821
64 6016
65 5743
66 5196
67 5021
68 5311
69 9100
70 6101
71 5453
72 6461
73 10115
74 7894
75 8292
76 13434
77 8096
78 11982
79 11630
80 11584
81 12717
82 13177
83 14670
84 8686
85 10376
86 14126
87 16209
88 17929
89 10239
90 8111
91 7341
92 14130
93 16492
94 8631
95 8009
96 9266
97 14787
98 22362
99 9886
0 149
1 244
2 371
3 307
4 336
5 459
6 565
7 2151
8 685
9 923
10 758
11 813
12 878
13 830
14 1157
15 1152
16 1082
17 1261
18 1622
19 1275
20 1285
21 1519
22 1423
23 1726
24 1672
25 1396
26 1906
27 1544
28 1752
29 2074
30 1922
31 1923
32 1884
33 2015
34 2362
35 2897
36 3061
37 3834
38 2720
39 3542
40 3466
41 3849
42 4842
43 6014
44 16747
45 82736
46 6114
47 7859
48 6007
49 17112
50 6109
51 5186
52 4576
53 3743
54 3771
55 3880
56 4058
57 4394
58 4775
59 5007
60 6256
61 10115
62 7420
63 40759
64 6869
65 10097
66 5100
67 4451
68 5478
69 5696
70 5434
71 8609
72 9343
73 14172
74 11641
75 9260
76 8474
77 5810
78 8031
79 16609
80 19767
81 12863
82 8385
83 8517
84 8416
85 12221
86 12585
87 13640
88 11862
89 11956
90 18201
91 14302
92 11243
93 7948
94 8954
95 10157
96 11638
97 10421
98 18072
99 8265
0 85
1 328
2 378
3 361
4 355
5 450
6 515
7 2118
8 602
9 917
10 742
11 862
12 896
13 840
14 1072
15 1158
16 1003
17 1311
18 1649
19 1319
20 1265
21 1582
22 1443
23 1859
24 1828
25 2089
26 2574
27 1880
28 1945
29 2305
30 2176
31 2382
32 2682
33 1971
34 2161
35 2526
36 2999
37 2727
38 3000
39 2720
40 2707
41 2720
42 3689
43 3765
44 7485
45 3241
46 3955
47 3709
48 3208
49 4207
50 4443
51 4659
52 4085
53 3561
54 4189
55 4479
56 4752
57 4446
58 5842
59 4334
60 4872
61 4476
62 4813
63 6479
64 4869
65 4510
66 4684
67 4996
68 4980
69 5663
70 5320
71 5448
72 6382
73 5491
74 6956
75 10835
76 8588
77 5032
78 6755
79 5603
80 8177
81 6785
82 6886
83 6989
84 7005
85 8364
86 8519
87 6624
88 7153
89 8761
90 8221
91 7991
92 6993
93 9204
94 8835
95 7957
96 8567
97 8611
98 10813
99 11895
0 115
1 342
2 445
3 366
4 405
5 694
6 545
7 724
8 688
9 937
10 959
11 898
12 786
13 909
14 892
15 1001
16 1165
17 1146
18 1259
19 1324
20 1504
21 1420
22 1628
23 1560
24 1320
25 1679
26 2064
27 1584
28 1723
29 1935
30 2139
31 1844
32 2180
33 2497
34 2727
35 2646
36 2902
37 3132
38 2741
39 3727
40 3533
41 3250
42 3272
43 4466
44 4322
45 3137
46 3699
47 3560
48 3587
49 3260
50 5348
51 4379
52 3636
53 3455
54 4112
55 4550
56 4345
57 4934
58 4176
59 4800
60 4778
61 4060
62 4222
63 4515
64 4877
65 4673
66 5940
67 6500
68 5895
69 6378
70 5994
71 7834
72 5394
73 5192
74 5753
75 6429
76 5990
77 5412
78 7932
79 5634
80 8783
81 6880
82 7122
83 8895
84 7273
85 7867
86 8633
87 6822
88 7684
89 8210
90 8289
91 8092
92 7823
93 10007
94 7572
95 8418
96 8549
97 9692
98 14830
99 7858
0 122
1 281
2 429
3 347
4 291
5 538
6 461
7 581
8 602
9 794
10 778
11 881
12 772
13 908
14 890
15 1016
16 1203
17 1174
18 1172
19 1266
20 1536
21 1348
22 1607
23 1627
24 1290
25 1641
26 2178
27 1613
28 1716
29 2006
30 2126
31 1890
32 2509
33 2618
34 2323
35 3674
36 4837
37 4037
38 4393
39 4061
40 4123
41 5970
42 4104
43 4253
44 6079
45 3284
46 5903
47 4797
48 4657
49 4048
50 4416
51 4857
52 4299
53 5022
54 4675
55 5898
56 4532
57 5231
58 5340
59 4892
60 5119
61 4888
62 5418
63 5191
64 7573
65 6680
66 6914
67 6795
68 5599
69 6458
70 6982
71 7553
72 6644
73 7162
74 5679
75 6174
76 5448
77 5180
78 7688
79 6747
80 6917
81 6204
82 7123
83 13124
84 13841
85 14985
86 7093
87 7301
88 8761
89 10670
90 7377
91 8011
92 8133
93 10211
94 7509
95 9114
96 8063
97 8269
98 14992
99 9789
0 255
1 742
2 928
3 874
4 785
5 1341
6 1113
7 5698
8 1785
9 1953
10 1845
11 2026
12 2086
13 2050
14 2379
15 2058
16 2562
17 2961
18 3505
19 3340
20 3420
21 3828
22 3858
23 4061
24 4708
25 4881
26 5212
27 4472
28 15627
29 4575
30 4016
31 4003
32 3839
33 3234
34 3748
35 4502
36 4330
37 4854
38 4423
39 4068
40 4121
41 5593
42 4231
43 3544
44 5723
45 19106
46 5080
47 4182
48 4229
49 6835
50 4533
51 4894
52 4854
53 4362
54 4819
55 3933
56 5194
57 4900
58 8228
59 8991
60 7444
61 4835
62 4698
63 6358
64 5742
65 4907
66 6336
67 5513
68 4838
69 6394
70 5887
71 8100
72 8835
73 7187
74 7697
75 6701
76 6350
77 6805
78 7459
79 19292
80 5572
81 8031
82 5954
83 6554
84 8447
85 6458
86 8979
87 9261
88 9216
89 6601
90 7939
91 7340
92 8895
93 8456
94 7747
95 9896
96 8099
97 8092
98 10339
99 10030
0 93
1 267
2 404
3 357
4 427
5 711
6 521
7 2140
8 786
9 986
10 795
11 1123
12 883
13 942
14 970
15 925
16 1062
17 1241
18 1419
19 1269
20 1578
21 1454
22 1643
23 2009
24 2370
25 1778
26 1919
27 6280
28 2192
29 1931
30 1758
31 2052
32 2188
33 2206
34 2231
35 2761
36 2721
37 2690
38 2524
39 3319
40 3104
41 3470
42 3413
43 3070
44 3762
45 3277
46 3331
47 4237
48 5034
49 4761
50 3989
51 3801
52 3979
53 5014
54 4186
55 3977
56 4394
57 4184
58 5084
59 5768
60 4426
61 5853
62 4044
63 4861
64 5358
65 6405
66 4754
67 5868
68 5641
69 7486
70 4946
71 5077
72 5538
73 7777
74 6040
75 6265
76 6699
77 6077
78 6191
79 8331
80 9397
81 10864
82 9616
83 13712
84 10555
85 6457
86 6808
87 9345
88 12395
89 16276
90 7466
91 7265
92 7614
93 9256
94 7769
95 8918
96 7735
97 9869
98 8352
99 8000
0 115
1 286
2 387
3 328
4 400
5 600
6 612
7 2189
8 766
9 969
10 809
11 1125
12 874
13 970
14 1084
15 938
16 1094
17 1217
18 1342
19 1258
20 1647
21 1420
22 1726
23 1686
24 1747
25 1403
26 2167
27 3926
28 1755
29 1761
30 1710
31 1995
32 2391
33 2549
34 2535
35 3061
36 2739
37 2641
38 2551
39 2827
40 2809
41 5608
42 5721
43 5284
44 5122
45 4914
46 5566
47 4448
48 4459
49 4785
50 4101
51 3744
52 3650
53 3826
54 4528
55 4093
56 4563
57 4465
58 5153
59 5273
60 4475
61 5446
62 3954
63 4517
64 4564
65 5133
66 4689
67 5668
68 5083
69 6093
70 4959
71 5981
72 5449
73 6105
74 6081
75 6987
76 6057
77 6602
78 7152
79 8399
80 6739
81 6656
82 7007
83 6586
84 7744
85 6423
86 7058
87 8003
88 9310
89 6334
90 8598
91 7876
92 7344
93 8417
94 7941
95 8645
96 7911
97 7789
98 8744
99 8606
0 104
1 337
2 418
3 332
4 396
5 599
6 552
7 2289
8 761
9 910
10 806
11 1169
12 885
13 945
14 973
15 962
16 1078
17 1356
18 1559
19 1459
20 1743
21 1646
22 1795
23 1729
24 2012
25 1656
26 1862
27 3743
28 1812
29 1792
30 1643
31 3256
32 2795
33 2683
34 2689
35 2876
36 2725
37 2707
38 2903
39 3224
40 3305
41 2879
42 3437
43 3364
44 2936
45 2997
46 3105
47 4384
48 4419
49 3897
50 4651
51 3754
52 4088
53 4319
54 5495
55 4819
56 4505
57 5123
58 4480
59 4763
60 4865
61 5005
62 3894
63 5333
64 4360
65 6100
66 4808
67 7974
68 5413
69 5696
70 5145
71 5219
72 5951
73 5783
74 6448
75 6459
76 7610
77 5736
78 7179
79 8475
80 7544
81 6595
82 7324
83 6834
84 8758
85 6120
86 8795
87 8631
88 9582
89 7517
90 7314
91 7903
92 7694
93 10227
94 12262
95 7967
96 9282
97 8784
98 9546
99 9024
0 117
1 302
2 387
3 391
4 437
5 714
6 609
7 2432
8 839
9 956
10 867
11 1244
12 931
13 971
14 1003
15 971
16 1120
17 1252
18 1350
19 1302
20 1521
21 1425
22 1671
23 1754
24 1740
25 1379
26 1729
27 3577
28 1865
29 1775
30 1670
31 2209
32 2113
33 2901
34 2699
35 3154
36 2683
37 5145
38 2846
39 2994
40 2889
41 3083
42 3731
43 3493
44 2967
45 2897
46 4038
47 3759
48 3948
49 4339
50 4543
51 3728
52 3495
53 4237
54 4016
55 5087
56 4665
57 4401
58 4483
59 5365
60 5442
61 4794
62 4527
63 5110
64 4476
65 4869
66 6398
67 5878
68 5321
69 6288
70 6573
71 5554
72 5938
73 5854
74 6734
75 6197
76 7648
77 6706
78 6247
79 9356
80 6386
81 6841
82 6554
83 6359
84 8725
85 5695
86 7716
87 8741
88 9371
89 6342
90 9299
91 9087
92 7766
93 8659
94 8530
95 8151
96 8182
97 9652
98 8525
99 37298
0 184
1 327
2 436
3 440
4 431
5 758
6 631
7 2464
8 863
9 1038
10 915
11 1258
12 1020
13 1156
14 1162
15 1039
16 1349
17 1386
18 1510
19 1466
20 1856
21 1639
22 1819
23 1837
24 1814
25 1431
26 1690
27 3452
28 1765
29 2429
30 2154
31 2428
32 2589
33 2399
34 2413
35 2803
36 2782
37 3216
38 2935
39 3298
40 3261
41 2892
42 3521
43 3096
44 5067
45 3048
46 3289
47 4044
48 4101
49 3930
50 4334
51 3739
52 3456
53 5350
54 4147
55 5103
56 4519
57 5111
58 4519
59 4833
60 4485
61 6119
62 3932
63 4764
64 6141
65 4594
66 5404
67 6941
68 4932
69 5925
70 6371
71 4904
72 5779
73 7538
74 7143
75 6282
76 7396
77 5575
78 8243
79 8588
80 7009
81 6408
82 6505
83 6369
84 7095
85 5808
86 8972
87 7708
88 9139
89 7680
90 7058
91 7999
92 9369
93 8139
94 8765
95 10017
96 9420
97 12890
98 10354
99 9797
0 199
1 408
2 454
3 435
4 430
5 690
6 674
7 2611
8 834
9 1004
10 918
11 1322
12 1097
13 1038
14 1168
15 1047
16 1149
17 1158
18 1274
19 1264
20 1630
21 2007
22 1804
23 1675
24 1757
25 1585
26 1789
27 4191
28 1772
29 1672
30 1690
31 4730
32 2760
33 2641
34 2587
35 2721
36 2968
37 2727
38 2579
39 2809
40 2788
41 2996
42 3259
43 3173
44 3822
45 4246
46 3822
47 3325
48 4135
49 5034
50 4799
51 3864
52 3874
53 3880
54 4010
55 3966
56 5470
57 4196
58 4378
59 5770
60 4461
61 5089
62 4506
63 5582
64 4445
65 4477
66 6251
67 5846
68 5125
69 7333
70 5905
71 6568
72 6551
73 6038
74 6316
75 8076
76 7377
77 6642
78 6903
79 8982
80 16764
81 7977
82 6676
83 6547
84 6554
85 5880
86 8659
87 9612
88 8723
89 6496
90 7759
91 9178
92 8671
93 7815
94 9786
95 7955
96 8431
97 8663
98 8496
99 8068
0 101
1 274
2 380
3 361
4 408
5 615
6 604
7 2135
8 765
9 915
10 736
11 1155
12 924
13 885
14 1016
15 884
16 13262
17 1510
18 1518
19 1547
20 1820
21 1706
22 1847
23 2012
24 2323
25 1593
26 3315
27 6401
28 2076
29 2169
30 1935
31 2353
32 2289
33 2336
34 2376
35 2877
36 3698
37 3343
38 3070
39 2803
40 2958
41 2922
42 3288
43 3391
44 2866
45 2648
46 3327
47 3835
48 4619
49 4062
50 3918
51 3682
52 4776
53 4509
54 4300
55 4805
56 4551
57 5785
58 4891
59 4648
60 4574
61 4698
62 4090
63 4664
64 4519
65 5585
66 4946
67 7679
68 5010
69 5665
70 5087
71 4896
72 5695
73 6982
74 6829
75 6382
76 6953
77 5531
78 8135
79 11382
80 6776
81 6966
82 6774
83 6326
84 7153
85 6147
86 9334
87 7817
88 8784
89 8083
90 7470
91 7613
92 9356
93 9271
94 10080
95 9450
96 7293
97 9064
98 8730
99 8185
0 101
1 217
2 394
3 395
4 402
5 652
6 605
7 2133
8 765
9 949
10 788
11 1231
12 840
13 897
14 1095
15 920
16 1168
17 1167
18 1410
19 1287
20 1566
21 1453
22 1716
23 1642
24 1720
25 1431
26 1563
27 3674
28 1721
29 1719
30 1654
31 2018
32 2272
33 2245
34 2205
35 2805
36 3045
37 3229
38 2922
39 2780
40 2765
41 2842
42 3440
43 3047
44 2825
45 3257
46 3577
47 3230
48 3901
49 4335
50 4054
51 3742
52 4411
53 4214
54 4069
55 4154
56 4907
57 4656
58 4463
59 4759
60 4264
61 4588
62 4255
63 4471
64 5037
65 4719
66 4766
67 6773
68 5069
69 5431
70 5417
71 4973
72 6194
73 6056
74 6642
75 6654
76 6940
77 6603
78 7021
79 8831
80 7256
81 6913
82 6898
83 7379
84 6720
85 5775
86 6869
87 7607
88 7193
89 6958
90 7294
91 8039
92 7858
93 8156
94 8654
95 8152
96 7721
97 8814
98 13681
99 10681
0 165
1 331
2 449
3 411
4 456
5 717
6 619
7 2512
8 839
9 1030
10 941
11 1279
12 1009
13 1058
14 1186
15 1056
16 1220
17 1351
18 1561
19 1433
20 3014
21 2057
22 2025
23 1915
24 2022
25 1678
26 2163
27 6716
28 2059
29 2081
30 2454
31 2549
32 2638
33 2764
34 2771
35 3168
36 3082
37 3473
38 2990
39 3630
40 3418
41 3734
42 4043
43 3427
44 3347
45 3261
46 4920
47 3585
48 6064
49 4636
50 4377
51 4295
52 3935
53 5153
54 5270
55 4760
56 5576
57 7158
58 5870
59 6156
60 5773
61 6027
62 6547
63 5436
64 5876
65 8223
66 6084
67 10272
68 7068
69 5856
70 4873
71 6438
72 5978
73 7438
74 6909
75 7718
76 5333
77 7727
78 6979
79 6363
80 6463
81 6866
82 7897
83 7875
84 6779
85 6873
86 7722
87 8756
88 9161
89 8610
90 8735
91 9150
92 8398
93 8449
94 8863
95 9459
96 9632
97 7155
98 8283
99 9639
0 251
1 627
2 785
3 524
4 755
5 792
6 1018
7 4146
8 1141
9 1765
10 1600
11 1733
12 1599
13 2041
14 1745
15 2226
16 1953
17 1928
18 2326
19 2627
20 2766
21 3974
22 6902
23 3237
24 2914
25 3189
26 3525
27 4152
28 4390
29 7160
30 5995
31 3920
32 3567
33 3453
34 4281
35 9258
36 2934
37 5510
38 4733
39 4349
40 4912
41 3938
42 3322
43 3374
44 4646
45 5061
46 4042
47 3672
48 3029
49 4287
50 3503
51 3312
52 4362
53 4148
54 3848
55 6047
56 3974
57 4021
58 3921
59 6506
60 7374
61 5098
62 5141
63 4677
64 4972
65 6286
66 4804
67 5276
68 5130
69 5895
70 7596
71 6473
72 6029
73 6934
74 7033
75 5589
76 6876
77 6530
78 21690
79 6161
80 9122
81 9277
82 6502
83 6101
84 6853
85 6637
86 8312
87 10416
88 12334
89 8323
90 11193
91 8566
92 8894
93 10744
94 9217
95 8366
96 10378
97 8317
98 7722
99 19391
0 101
1 284
2 409
3 327
4 348
5 462
6 524
7 2090
8 742
9 1002
10 768
11 963
12 1000
13 796
14 1091
15 1252
16 1026
17 1090
18 1368
19 1244
20 1387
21 1736
22 1243
23 1783
24 1822
25 1536
26 2068
27 2106
28 1561
29 5536
30 2489
31 2509
32 2775
33 2703
34 2026
35 2512
36 2717
37 3249
38 2530
39 3291
40 3467
41 3350
42 3821
43 3835
44 3738
45 3922
46 4890
47 3810
48 5007
49 4149
50 4238
51 3831
52 4007
53 3555
54 5515
55 4091
56 4304
57 5391
58 5089
59 3925
60 4605
61 13154
62 5636
63 4717
64 4777
65 5032
66 4051
67 4657
68 4628
69 6119
70 5334
71 5977
72 5777
73 6721
74 5427
75 7429
76 5902
77 7447
78 5873
79 7187
80 6799
81 8526
82 6923
83 6722
84 8122
85 6357
86 6848
87 7319
88 7962
89 8121
90 7163
91 11221
92 8080
93 6845
94 7788
95 8182
96 8547
97 7470
98 9528
99 7828
0 153
1 292
2 345
3 369
4 352
5 489
6 481
7 1972
8 799
9 1021
10 770
11 885
12 951
13 791
14 990
15 1238
16 980
17 1074
18 1233
19 1265
20 1299
21 1670
22 1251
23 1746
24 1695
25 2026
26 2096
27 1982
28 1946
29 2333
30 2244
31 2766
32 2487
33 2563
34 2748
35 2897
36 3072
37 3607
38 2597
39 3210
40 3429
41 2868
42 3543
43 3255
44 3029
45 2964
46 7632
47 7344
48 7849
49 6474
50 5310
51 4731
52 4267
53 4245
54 5213
55 4337
56 4767
57 4370
58 4668
59 4364
60 4209
61 8010
62 5520
63 5474
64 4931
65 4952
66 7782
67 5581
68 4594
69 5777
70 5997
71 5130
72 6769
73 7242
74 5754
75 6319
76 5890
77 5445
78 8685
79 8134
80 6495
81 7688
82 6255
83 14823
84 7745
85 6452
86 7496
87 6721
88 9710
89 9802
90 7432
91 11315
92 9530
93 8259
94 8121
95 8358
96 8538
97 7625
98 7986
99 8638
0 163
1 294
2 380
3 329
4 357
5 456
6 494
7 2312
8 691
9 910
10 716
11 965
12 940
13 779
14 1022
15 1122
16 952
17 1061
18 1226
19 1394
20 1281
21 1527
22 1266
23 1807
24 1958
25 1483
26 2077
27 2122
28 1568
29 2071
30 1873
31 2048
32 2259
33 2368
34 2280
35 2649
36 2990
37 2984
38 2442
39 3289
40 3386
41 2409
42 3064
43 3142
44 3086
45 4178
46 4150
47 3323
48 4454
49 4058
50 3361
51 4439
52 4213
53 3550
54 4737
55 3887
56 4267
57 5041
58 4470
59 3881
60 5429
61 12166
62 5305
63 5840
64 4955
65 4266
66 4160
67 5275
68 4758
69 5842
70 16237
71 6661
72 7319
73 5924
74 6374
75 6400
76 6287
77 6384
78 6924
79 7737
80 6670
81 7510
82 6831
83 8592
84 6344
85 6430
86 6419
87 7377
88 9819
89 8095
90 7307
91 10828
92 8974
93 7232
94 7955
95 9801
96 10193
97 7210
98 8539
99 8101
0 132
1 312
2 404
3 378
4 402
5 534
6 494
7 2128
8 801
9 970
10 797
11 974
12 977
13 902
14 1068
15 1222
16 1068
17 1070
18 1309
19 1352
20 1307
21 1595
22 1438
23 1758
24 1734
25 1502
26 1940
27 1949
28 1564
29 2105
30 2047
31 2018
32 2170
33 2450
34 2028
35 2195
36 3020
37 3278
38 2586
39 3500
40 3689
41 2936
42 3462
43 3025
44 14631
45 3852
46 3634
47 3607
48 3569
49 3792
50 3307
51 4199
52 4102
53 3567
54 4274
55 3850
56 4788
57 4749
58 5736
59 3769
60 5161
61 10019
62 5376
63 5278
64 4867
65 4466
66 4323
67 5372
68 5587
69 5643
70 5911
71 6235
72 6829
73 5889
74 6261
75 7312
76 5997
77 5574
78 7101
79 6868
80 7376
81 7854
82 6261
83 7598
84 6169
85 6344
86 6490
87 6714
88 8881
89 7621
90 8430
91 10730
92 7580
93 7046
94 7879
95 8188
96 7594
97 8273
98 7742
99 7625
0 99
1 304
2 377
3 341
4 355
5 504
6 443
7 2084
8 701
9 1157
10 836
11 976
12 1004
13 924
14 1136
15 1294
16 1017
17 1206
18 1470
19 1529
20 1408
21 1860
22 1389
23 2002
24 2267
25 1722
26 2159
27 2348
28 1978
29 2380
30 2386
31 2320
32 3497
33 3527
34 2935
35 2662
36 3125
37 3555
38 2558
39 3458
40 3054
41 2658
42 2973
43 3035
44 3193
45 3512
46 3870
47 5108
48 3453
49 3686
50 3342
51 4250
52 4147
53 3508
54 5308
55 4367
56 4954
57 7473
58 5442
59 3720
60 4812
61 10334
62 5205
63 4646
64 5365
65 5564
66 4194
67 5471
68 4741
69 5896
70 5145
71 5521
72 6493
73 6945
74 6590
75 6417
76 5420
77 5705
78 6005
79 7472
80 6799
81 6996
82 7224
83 21853
84 8079
85 8241
86 6874
87 6604
88 7873
89 8108
90 8193
91 12483
92 7823
93 7691
94 8854
95 9125
96 9145
97 7386
98 7677
99 9017
0 104
1 355
2 431
3 378
4 349
5 573
6 537
7 2352
8 754
9 1025
10 820
11 963
12 1128
13 889
14 1103
15 1287
16 1176
17 1184
18 1464
19 1514
20 1456
21 2086
22 1425
23 1734
24 1842
25 1522
26 2093
27 2000
28 1603
29 2042
30 2037
31 2016
32 2166
33 2347
34 2002
35 2239
36 2615
37 3403
38 2720
39 12504
40 2862
41 2984
42 3241
43 2970
44 3127
45 3355
46 3760
47 3300
48 3560
49 4242
50 3733
51 4219
52 4006
53 4062
54 4397
55 3696
56 4209
57 4420
58 5159
59 3942
60 4170
61 8774
62 6552
63 4884
64 5626
65 4461
66 4172
67 4669
68 5230
69 5906
70 5194
71 5290
72 6819
73 5891
74 5699
75 7010
76 5304
77 6361
78 7083
79 8661
80 6766
81 6882
82 7054
83 7110
84 6171
85 7360
86 6447
87 7714
88 8837
89 8061
90 8263
91 12897
92 7515
93 7314
94 7990
95 9011
96 8628
97 7526
98 7581
99 8254
0 123
1 312
2 413
3 378
4 382
5 505
6 551
7 2186
8 809
9 982
10 812
11 897
12 965
13 919
14 1024
15 1273
16 1028
17 1305
18 1441
19 1436
20 1459
21 1810
22 1442
23 1854
24 1902
25 1811
26 2260
27 2143
28 1639
29 2011
30 2056
31 2169
32 2226
33 2420
34 1989
35 2380
36 2624
37 3052
38 2447
39 3086
40 3242
41 2989
42 3188
43 3506
44 3715
45 3263
46 4046
47 4695
48 4214
49 3816
50 3410
51 3679
52 3797
53 3363
54 5143
55 3931
56 4112
57 4294
58 5121
59 4180
60 4574
61 9772
62 4932
63 4759
64 4980
65 4872
66 4292
67 4724
68 4393
69 6261
70 5038
71 6314
72 6801
73 6666
74 5503
75 7216
76 6085
77 7361
78 6394
79 8305
80 10562
81 8617
82 8250
83 8363
84 6722
85 8275
86 8575
87 7130
88 7830
89 7833
90 7793
91 13705
92 9333
93 7427
94 9010
95 8154
96 7928
97 8293
98 7719
99 7827
0 144
1 356
2 436
3 421
4 406
5 563
6 560
7 2253
8 828
9 1041
10 755
11 894
12 998
13 796
14 982
15 1133
16 1414
17 1053
18 1284
19 1566
20 1502
21 1845
22 1478
23 1937
24 1969
25 1681
26 2211
27 2392
28 1860
29 2428
30 2344
31 2337
32 2150
33 2329
34 2048
35 2294
36 3054
37 3376
38 2868
39 3507
40 3310
41 2537
42 3001
43 2936
44 2910
45 2924
46 3883
47 3555
48 3585
49 3467
50 3327
51 3532
52 3602
53 4060
54 4305
55 4517
56 4315
57 4932
58 4939
59 3803
60 4062
61 8947
62 5026
63 4705
64 5013
65 4978
66 4646
67 4771
68 5099
69 5710
70 5043
71 5623
72 5855
73 7526
74 5654
75 7377
76 5389
77 5439
78 6150
79 8274
80 7616
81 7256
82 6263
83 7126
84 8245
85 7547
86 6848
87 7575
88 7861
89 9149
90 8358
91 11625
92 7618
93 8192
94 8938
95 8168
96 7880
97 7554
98 9149
99 8900
0 134
1 368
2 403
3 361
4 425
5 563
6 477
7 1971
8 728
9 988
10 726
11 885
12 920
13 807
14 950
15 1175
16 940
17 1091
18 1263
19 1320
20 1314
21 1652
22 1974
23 1994
24 2360
25 1756
26 2351
27 2323
28 1852
29 2308
30 2105
31 2099
32 2126
33 2292
34 1961
35 2341
36 2620
37 2947
38 2385
39 3795
40 3240
41 2757
42 3090
43 2940
44 3133
45 3086
46 3523
47 3608
48 4011
49 4116
50 3894
51 5950
52 4331
53 5017
54 17367
55 4969
56 5311
57 8893
58 8345
59 4668
60 5153
61 13262
62 6202
63 5736
64 6057
65 5037
66 4822
67 6151
68 5241
69 6495
70 6827
71 7997
72 7432
73 8851
74 6697
75 9670
76 9495
77 9339
78 8104
79 6281
80 6833
81 6428
82 7409
83 6720
84 6898
85 7406
86 8628
87 7740
88 12923
89 9717
90 8175
91 12151
92 8984
93 7374
94 10069
95 8687
96 7914
97 7641
98 8067
99 8244
0 230
1 524
2 712
3 662
4 609
5 902
6 1023
7 1090
8 1324
9 1512
10 1291
11 1850
12 1464
13 1647
14 1880
15 1492
16 1464
17 2086
18 2131
19 2266
20 2906
21 3853
22 4409
23 2692
24 2966
25 2918
26 4109
27 3300
28 2823
29 3362
30 3646
31 4225
32 3000
33 2775
34 3208
35 3185
36 2619
37 3296
38 6090
39 5002
40 4709
41 3988
42 6450
43 4770
44 44579
45 3955
46 5686
47 7542
48 8947
49 4817
50 5950
51 6423
52 7651
53 4362
54 3924
55 5686
56 4987
57 3853
58 4693
59 3926
60 13603
61 4569
62 5983
63 5481
64 10123
65 5460
66 7547
67 4891
68 4410
69 6565
70 5782
71 5827
72 6839
73 8163
74 26195
75 5895
76 6025
77 6224
78 7130
79 7441
80 13005
81 6796
82 6726
83 7845
84 8288
85 7287
86 6924
87 7748
88 8989
89 6874
90 10041
91 7044
92 9936
93 9421
94 10471
95 8327
96 9560
97 9834
98 9644
99 8711
0 93
1 252
2 405
3 424
4 368
5 543
6 580
7 700
8 856
9 1020
10 803
11 1323
12 920
13 1023
14 1292
15 1008
16 1170
17 1360
18 1468
19 1572
20 1855
21 1725
22 1798
23 1590
24 1699
25 1638
26 2111
27 2088
28 2517
29 2245
30 3220
31 2315
32 2564
33 2684
34 2930
35 2408
36 2326
37 2784
38 3005
39 2931
40 2538
41 5538
42 5357
43 5723
44 12953
45 5699
46 4829
47 6008
48 5537
49 5462
50 6985
51 5651
52 5079
53 4953
54 9208
55 6178
56 5697
57 5079
58 6506
59 7232
60 16047
61 5036
62 9863
63 6136
64 4932
65 4825
66 6889
67 4959
68 4397
69 8540
70 6077
71 7368
72 5967
73 5235
74 6077
75 5892
76 6710
77 7045
78 7431
79 7388
80 13859
81 6823
82 9069
83 7545
84 7070
85 7431
86 6685
87 8144
88 8247
89 7500
90 7547
91 8514
92 7577
93 7527
94 7729
95 9467
96 8880
97 10254
98 8723
99 9146
0 140
1 329
2 405
3 319
4 367
5 710
6 692
7 2313
8 907
9 817
10 976
11 946
12 1140
13 1075
14 1267
15 1311
16 1351
17 1668
18 1488
19 1532
20 1549
21 2850
22 1581
23 1789
24 1484
25 1733
26 1916
27 1646
28 2020
29 1638
30 2002
31 2015
32 1904
33 2482
34 3074
35 2519
36 4677
37 2830
38 3080
39 2878
40 2766
41 2497
42 3232
43 2662
44 3199
45 4983
46 3468
47 3496
48 2734
49 4213
50 3826
51 3722
52 4769
53 4215
54 3690
55 3906
56 4220
57 3828
58 4378
59 4309
60 4381
61 5034
62 4937
63 4388
64 5612
65 5714
66 4958
67 4349
68 5343
69 5250
70 5510
71 5689
72 6041
73 6978
74 5626
75 7953
76 6223
77 6002
78 7059
79 5801
80 7006
81 9193
82 8676
83 6898
84 7575
85 8579
86 6537
87 7476
88 7284
89 11069
90 10068
91 9567
92 8196
93 8258
94 8015
95 8415
96 10385
97 10665
98 10534
99 9028
0 112
1 394
2 463
3 349
4 390
5 687
6 660
7 2383
8 906
9 890
10 984
11 956
12 1062
13 1093
14 1292
15 1339
16 1348
17 1576
18 1504
19 1581
20 1404
21 1657
22 1452
23 1780
24 1530
25 1770
26 1904
27 1599
28 1935
29 1990
30 2191
31 2181
32 2123
33 2876
34 3503
35 2609
36 4850
37 2302
38 2635
39 2604
40 2554
41 2699
42 3174
43 2766
44 3302
45 7898
46 4103
47 3301
48 2814
49 3811
50 3909
51 4140
52 3679
53 5162
54 3890
55 4613
56 4932
57 3412
58 4511
59 4303
60 5377
61 4815
62 4565
63 4310
64 5500
65 6181
66 4849
67 5152
68 5159
69 4945
70 7460
71 5201
72 6259
73 5569
74 5937
75 10695
76 5873
77 8156
78 6262
79 7009
80 6630
81 8110
82 7314
83 7729
84 7852
85 8351
86 6876
87 7884
88 7555
89 8365
90 8487
91 8481
92 7510
93 8422
94 8360
95 7929
96 10518
97 11218
98 10167
99 8332
0 123
1 336
2 360
3 335
4 381
5 744
6 698
7 2313
8 956
9 754
10 940
11 909
12 1116
13 1071
14 1290
15 1279
16 1262
17 1652
18 1581
19 1586
20 1566
21 1862
22 1662
23 1709
24 1450
25 1752
26 1906
27 1608
28 1943
29 1665
30 2045
31 2039
32 2153
33 2929
34 3426
35 2741
36 4397
37 2269
38 2500
39 2663
40 2553
41 2678
42 3210
43 2856
44 3331
45 5698
46 4040
47 3275
48 2664
49 3528
50 18525
51 4342
52 3773
53 4720
54 4237
55 4531
56 4586
57 3478
58 4245
59 4110
60 4790
61 4959
62 4729
63 4296
64 5751
65 5907
66 4969
67 5018
68 5332
69 5500
70 6244
71 5450
72 6732
73 5983
74 6120
75 8038
76 5676
77 7078
78 6137
79 7232
80 6234
81 8758
82 8644
83 7070
84 7745
85 7532
86 7042
87 7995
88 7021
89 8251
90 9307
91 7166
92 7380
93 8175
94 8615
95 8701
96 8561
97 10275
98 9280
99 8920
0 109
1 334
2 430
3 320
4 321
5 651
6 613
7 2071
8 825
9 756
10 872
11 821
12 998
13 952
14 1213
15 1127
16 1152
17 1437
18 1401
19 1339
20 1373
21 1625
22 1499
23 1626
24 1454
25 1709
26 2019
27 1596
28 2119
29 2424
30 2454
31 2300
32 2263
33 2956
34 3139
35 3845
36 7037
37 2813
38 2890
39 2723
40 2434
41 4810
42 4227
43 3264
44 3366
45 6590
46 3495
47 3265
48 2716
49 3307
50 3945
51 3751
52 4274
53 4162
54 4922
55 4800
56 5465
57 3707
58 5241
59 4913
60 4373
61 5929
62 4545
63 4789
64 4553
65 5124
66 4811
67 4804
68 6602
69 5910
70 5813
71 5354
72 5933
73 6276
74 6067
75 7347
76 6298
77 6350
78 7026
79 5917
80 6292
81 9440
82 7289
83 7243
84 7142
85 7161
86 8381
87 7874
88 7141
89 7180
90 8240
91 8962
92 7729
93 7366
94 7627
95 9781
96 9672
97 11128
98 9446
99 9953
0 120
1 324
2 444
3 339
4 363
5 711
6 662
7 2358
8 834
9 735
10 880
11 866
12 930
13 1008
14 1240
15 1098
16 1160
17 1444
18 1342
19 1406
20 1301
21 1729
22 1737
23 1837
24 1623
25 1984
26 2047
27 2895
28 2253
29 1855
30 2369
31 1889
32 1923
33 2547
34 3071
35 2429
36 3905
37 2176
38 2732
39 2641
40 2807
41 2988
42 4377
43 2804
44 3662
45 5380
46 3936
47 3145
48 3579
49 3911
50 3710
51 3821
52 3892
53 4559
54 4065
55 4178
56 4190
57 3363
58 4967
59 4321
60 5186
61 4772
62 5204
63 4287
64 4810
65 5196
66 5283
67 4457
68 5254
69 5631
70 6891
71 6229
72 6214
73 5600
74 6159
75 10156
76 6625
77 7342
78 7619
79 5820
80 6174
81 10028
82 7821
83 8095
84 6242
85 8569
86 6535
87 7782
88 8695
89 7392
90 7430
91 8597
92 8138
93 7857
94 7433
95 8039
96 9778
97 8821
98 8459
99 9274
0 115
1 311
2 448
3 377
4 359
5 694
6 623
7 2416
8 928
9 795
10 999
11 901
12 1110
13 1138
14 1260
15 1300
16 1330
17 1667
18 1481
19 1576
20 1505
21 1864
22 1547
23 1745
24 1514
25 1727
26 1965
27 1619
28 1945
29 1675
30 2005
31 1892
32 1937
33 2487
34 3046
35 2371
36 3822
37 2187
38 3263
39 2967
40 2803
41 2580
42 3296
43 2731
44 3231
45 4876
46 3619
47 3558
48 3627
49 3502
50 4066
51 4183
52 4531
53 4727
54 3611
55 3987
56 4183
57 3888
58 4627
59 4232
60 4336
61 4833
62 5060
63 4979
64 4816
65 5983
66 4614
67 4195
68 5406
69 5154
70 5571
71 5512
72 5495
73 6262
74 5593
75 8096
76 5770
77 6136
78 6780
79 5967
80 7221
81 10936
82 8359
83 7490
84 6192
85 7708
86 6843
87 9539
88 7258
89 7829
90 9697
91 9176
92 8495
93 7245
94 7923
95 8553
96 9692
97 10239
98 10576
99 8053
0 139
1 354
2 416
3 354
4 369
5 690
6 632
7 2453
8 938
9 805
10 1035
11 970
12 1051
13 1140
14 1267
15 1238
16 1328
17 1479
18 1296
19 1390
20 1349
21 1591
22 1691
23 1839
24 1646
25 1962
26 2215
27 1765
28 2166
29 1907
30 2148
31 1853
32 1836
33 2507
34 3676
35 3311
36 6512
37 2665
38 2986
39 3049
40 2878
41 2811
42 3707
43 3039
44 3829
45 6805
46 4364
47 3359
48 2784
49 3412
50 3438
51 15849
52 4026
53 5017
54 3529
55 4652
56 4849
57 3469
58 4262
59 4139
60 5362
61 5219
62 4602
63 4306
64 5500
65 5147
66 5552
67 4872
68 5488
69 4978
70 5372
71 5439
72 5627
73 5953
74 5395
75 10904
76 5910
77 8304
78 6421
79 5924
80 7324
81 9321
82 20778
83 8680
84 9418
85 10876
86 7903
87 7636
88 7093
89 7833
90 8032
91 7671
92 7447
93 8795
94 8526
95 7980
96 10016
97 8934
98 8560
99 7760
0 142
1 341
2 431
3 396
4 391
5 700
6 647
7 2305
8 926
9 844
10 919
11 955
12 1050
13 1100
14 1289
15 1269
16 1271
17 1613
18 1529
19 1518
20 1516
21 2000
22 1600
23 1880
24 1651
25 1876
26 1938
27 1599
28 2012
29 1600
30 2606
31 2183
32 2200
33 2967
34 3420
35 3159
36 4780
37 2744
38 3247
39 3082
40 2850
41 3038
42 3303
43 2822
44 3357
45 5201
46 3539
47 3725
48 2993
49 3383
50 3550
51 3760
52 4324
53 3958
54 4229
55 4563
56 4069
57 4187
58 4975
59 4223
60 4287
61 5930
62 4656
63 4324
64 4731
65 5933
66 4683
67 4960
68 6147
69 4837
70 5301
71 5794
72 5233
73 6077
74 5391
75 8000
76 6177
77 6146
78 6645
79 5820
80 6925
81 9066
82 7369
83 7283
84 6158
85 7417
86 7891
87 6838
88 7116
89 7175
90 8369
91 7427
92 7885
93 7585
94 7721
95 8752
96 8520
97 8536
98 8339
99 8079
0 264
1 602
2 905
3 839
4 1043
5 1254
6 1237
7 4523
8 1641
9 1858
10 1634
11 1815
12 3780
13 2490
14 2092
15 2671
16 2788
17 3042
18 2908
19 2882
20 5462
21 2375
22 4233
23 2527
24 2732
25 2880
26 3955
27 8888
28 3388
29 3532
30 3718
31 3762
32 4329
33 3894
34 4367
35 4195
36 5189
37 5165
38 4025
39 3740
40 4981
41 3202
42 10722
43 34194
44 5139
45 3741
46 3933
47 7293
48 7177
49 6685
50 7073
51 5493
52 6960
53 21853
54 4037
55 4949
56 6238
57 4979
58 3673
59 3997
60 4201
61 4681
62 4768
63 4807
64 4999
65 8820
66 8367
67 6795
68 4843
69 5859
70 5668
71 5597
72 5913
73 6282
74 7295
75 7655
76 6242
77 6228
78 6753
79 6945
80 6309
81 7454
82 6800
83 8136
84 6321
85 7506
86 6404
87 7457
88 9360
89 7143
90 7655
91 7821
92 7767
93 6885
94 8166
95 9672
96 7885
97 11258
98 8864
99 8071
0 105
1 299
2 446
3 419
4 525
5 635
6 617
7 2443
8 760
9 904
10 744
11 904
12 1128
13 1180
14 1043
15 1200
16 1262
17 1442
18 1401
19 1405
20 1696
21 1427
22 1687
23 1381
24 1615
25 1696
26 2624
27 5429
28 2387
29 2243
30 2334
31 2365
32 2673
33 2163
34 2331
35 2565
36 3023
37 3137
38 3052
39 2818
40 3182
41 5516
42 6298
43 15255
44 6651
45 5877
46 10482
47 7548
48 6026
49 4979
50 5243
51 3962
52 8295
53 13431
54 4615
55 6198
56 5162
57 4755
58 3988
59 4461
60 5649
61 4180
62 5895
63 4664
64 4412
65 5317
66 5416
67 5291
68 7782
69 7094
70 9651
71 6800
72 5913
73 7735
74 6092
75 6026
76 7478
77 7964
78 6176
79 7653
80 6658
81 7585
82 8208
83 6260
84 8210
85 6992
86 8190
87 8510
88 7960
89 7528
90 9593
91 6894
92 7192
93 8626
94 7588
95 8474
96 8841
97 9537
98 9871
99 9346
0 102
1 246
2 392
3 336
4 375
5 539
6 555
7 2228
8 717
9 889
10 691
11 810
12 950
13 1011
14 836
15 1124
16 1222
17 1352
18 1291
19 1225
20 1426
21 1267
22 1631
23 1464
24 1638
25 1648
26 2216
27 3136
28 1729
29 2131
30 2106
31 3121
32 2754
33 2370
34 2282
35 2553
36 2322
37 2611
38 2753
39 2695
40 4457
41 3270
42 3347
43 10531
44 4286
45 3569
46 3242
47 5738
48 4128
49 4442
50 8071
51 6452
52 7114
53 13617
54 5237
55 5128
56 4775
57 5129
58 3830
59 4472
60 4045
61 4951
62 4960
63 4931
64 5186
65 5312
66 9510
67 6250
68 5935
69 6821
70 5360
71 5312
72 6670
73 5843
74 6293
75 7143
76 6926
77 6145
78 7398
79 7771
80 7546
81 7891
82 6825
83 6429
84 6713
85 7740
86 8270
87 7097
88 8520
89 8581
90 8885
91 7987
92 7830
93 6772
94 9373
95 8539
96 9814
97 9435
98 8373
99 7502
0 94
1 219
2 405
3 375
4 411
5 591
6 545
7 2116
8 762
9 803
10 682
11 923
12 925
13 1018
14 891
15 1078
16 1174
17 1324
18 1247
19 1352
20 1514
21 1220
22 1675
23 1409
24 1661
25 1633
26 2002
27 3292
28 1638
29 1882
30 1968
31 1953
32 2446
33 2019
34 2292
35 4354
36 3114
37 3038
38 3186
39 3871
40 3512
41 2931
42 3233
43 10522
44 4000
45 3624
46 2876
47 3176
48 3522
49 3215
50 3499
51 5698
52 6543
53 10726
54 6501
55 6264
56 4477
57 4620
58 3933
59 3779
60 4045
61 4779
62 5568
63 4472
64 4173
65 6274
66 5187
67 5336
68 5215
69 5591
70 5781
71 6144
72 5355
73 5356
74 7086
75 6161
76 5199
77 6172
78 6392
79 11462
80 8262
81 6548
82 6563
83 6282
84 6172
85 8048
86 7232
87 7375
88 7911
89 8238
90 8312
91 7017
92 6818
93 7480
94 7567
95 7395
96 7508
97 8550
98 9530
99 8222
0 97
1 328
2 361
3 366
4 390
5 560
6 549
7 6466
8 726
9 811
10 712
11 806
12 928
13 999
14 914
15 1114
16 1179
17 1382
18 1353
19 1212
20 1441
21 1211
22 1622
23 1402
24 1783
25 1770
26 2244
27 3353
28 1840
29 1901
30 2052
31 2074
32 4406
33 2492
34 2733
35 2895
36 2731
37 2726
38 3620
39 3124
40 3563
41 2766
42 3372
43 8379
44 3781
45 2958
46 3710
47 3454
48 3619
49 14666
50 4360
51 3769
52 3888
53 7530
54 3515
55 23257
56 4133
57 4942
58 3613
59 4618
60 4181
61 3988
62 4647
63 5415
64 4308
65 5539
66 6177
67 7027
68 5806
69 7085
70 6784
71 6115
72 7577
73 6630
74 7576
75 7647
76 8433
77 9432
78 6100
79 7763
80 8316
81 7813
82 7740
83 6288
84 6949
85 8895
86 6935
87 7369
88 9833
89 8265
90 8253
91 7803
92 6983
93 12795
94 11391
95 7682
96 9812
97 10740
98 8100
99 7683
0 107
1 329
2 408
3 380
4 465
5 655
6 652
7 2413
8 837
9 943
10 854
11 925
12 1073
13 1188
14 1056
15 1294
16 1317
17 1464
18 1442
19 1478
20 1651
21 1447
22 1814
23 1480
24 1783
25 1656
26 2067
27 3348
28 1763
29 1860
30 2399
31 2497
32 2710
33 2405
34 2656
35 2761
36 2784
37 2668
38 2866
39 2625
40 3030
41 2674
42 3129
43 10700
44 6689
45 5654
46 5340
47 5616
48 12120
49 14244
50 3903
51 3227
52 4219
53 7482
54 3472
55 4279
56 4063
57 4650
58 3481
59 3698
60 4042
61 4548
62 4925
63 4967
64 4251
65 6056
66 4665
67 5103
68 5199
69 5408
70 5369
71 4981
72 6328
73 7132
74 5058
75 6127
76 5671
77 7280
78 5484
79 8121
80 8323
81 6618
82 7066
83 6910
84 8708
85 8350
86 7664
87 7467
88 7198
89 8852
90 7759
91 7150
92 7189
93 9991
94 6783
95 8108
96 7838
97 7757
98 8109
99 12259
0 158
1 279
2 415
3 346
4 446
5 548
6 586
7 2195
8 768
9 820
10 871
11 949
12 944
13 884
14 1023
15 1118
16 1112
17 1082
18 1139
19 1641
20 1317
21 1495
22 1799
23 1571
24 2394
25 1700
26 2423
27 2082
28 4327
29 2296
30 2029
31 2148
32 2375
33 2586
34 2256
35 2105
36 2423
37 13082
38 2246
39 3300
40 2915
41 3072
42 3065
43 3000
44 5036
45 3262
46 3420
47 3549
48 3864
49 3582
50 3221
51 4029
52 3322
53 4281
54 3962
55 4818
56 4384
57 3563
58 4588
59 4443
60 4300
61 4568
62 5107
63 3938
64 4392
65 5274
66 5629
67 5206
68 5176
69 5443
70 5449
71 4333
72 5788
73 6042
74 5450
75 7404
76 6444
77 6780
78 6520
79 5845
80 7949
81 9524
82 9305
83 7748
84 8126
85 6902
86 28326
87 9571
88 11332
89 7465
90 7453
91 8582
92 7499
93 7596
94 7784
95 7693
96 7767
97 8780
98 9131
99 9383
0 160
1 299
2 374
3 305
4 458
5 566
6 559
7 2039
8 707
9 774
10 801
11 875
12 965
13 845
14 1010
15 1183
16 1087
17 1018
18 1115
19 1547
20 1246
21 1538
22 1770
23 1584
24 1782
25 1614
26 2109
27 1885
28 4212
29 1943
30 1842
31 1877
32 3067
33 2764
34 2402
35 2537
36 2358
37 2425
38 2298
39 2949
40 2468
41 2727
42 2992
43 2944
44 5457
45 3396
46 3772
47 3559
48 3937
49 4192
50 3807
51 4002
52 3417
53 3620
54 3646
55 4740
56 4346
57 3562
58 3879
59 4996
60 15531
61 4938
62 4637
63 4359
64 4610
65 4662
66 4910
67 5189
68 5104
69 5887
70 6670
71 4949
72 6110
73 6053
74 4601
75 6464
76 5052
77 7596
78 5440
79 6961
80 6539
81 7113
82 8629
83 21521
84 7866
85 8251
86 7246
87 8556
88 30290
89 7109
90 6881
91 8001
92 8379
93 6581
94 6629
95 7896
96 9114
97 9176
98 8665
99 9184
0 137
1 364
2 420
3 319
4 474
5 649
6 626
7 2541
8 862
9 948
10 933
11 1018
12 1030
13 1009
14 1151
15 1179
16 1271
17 1236
18 1217
19 1882
20 1522
21 1819
22 2063
23 1693
24 1778
25 1574
26 2161
27 1947
28 3648
29 2263
30 1844
31 1864
32 2202
33 2286
34 2072
35 2076
36 2351
37 2367
38 2479
39 3045
40 2886
41 2844
42 3371
43 3649
44 6885
45 3627
46 3807
47 3475
48 4020
49 4764
50 3331
51 4341
52 3793
53 3470
54 3599
55 4378
56 4436
57 4041
58 3944
59 4520
60 4289
61 4852
62 4427
63 4424
64 4326
65 5232
66 6367
67 4685
68 5868
69 5042
70 5488
71 4820
72 5549
73 6962
74 4919
75 6396
76 5827
77 6885
78 5512
79 5750
80 6516
81 8160
82 7286
83 7204
84 8289
85 8456
86 7339
87 8472
88 9933
89 7202
90 8779
91 7355
92 7397
93 7777
94 6967
95 7120
96 8189
97 8517
98 9287
99 8262
0 101
1 274
2 361
3 288
4 430
5 519
6 532
7 2085
8 716
9 845
10 783
11 867
12 1009
13 963
14 1043
15 1102
16 1332
17 1156
18 1225
19 1794
20 1521
21 1724
22 2011
23 1723
24 2046
25 1745
26 2254
27 1903
28 3728
29 1841
30 1806
31 2259
32 2163
33 2621
34 2243
35 2490
36 2470
37 2379
38 2362
39 2960
40 3141
41 3055
42 3046
43 2939
44 6217
45 3185
46 3434
47 3077
48 3907
49 3836
50 3623
51 4004
52 3290
53 3495
54 4120
55 4889
56 4833
57 3523
58 4601
59 4538
60 4373
61 4457
62 5210
63 3969
64 4505
65 5339
66 4985
67 5409
68 5119
69 5839
70 5220
71 4397
72 5707
73 6399
74 4981
75 7077
76 5197
77 6908
78 6428
79 5710
80 7566
81 9431
82 12448
83 8332
84 9357
85 9963
86 10182
87 9156
88 18982
89 8442
90 9045
91 9800
92 9563
93 9726
94 8883
95 7938
96 8940
97 8703
98 10218
99 8406
