0 488
1 1414
2 1150
3 1363
4 2336
5 2573
6 3106
7 4413
8 3459
9 4145
10 4665
11 4213
12 5334
13 5316
14 9218
15 7791
16 7386
17 10902
18 11400
19 9660
20 8482
21 10899
22 11456
23 13299
24 12374
25 15684
26 16291
27 18815
28 15778
29 16832
30 20437
31 18236
32 21029
33 19788
34 19798
35 24960
36 21955
37 33861
38 19958
39 30322
40 24670
41 29979
42 36360
43 30788
44 28757
45 24256
46 36297
47 34462
48 36543
49 47269
50 44435
51 39744
52 45149
53 48090
54 42300
55 43574
56 39971
57 40091
58 51745
59 36292
60 40950
61 43261
62 44282
63 51040
64 53973
65 62041
66 50607
67 53903
68 61571
69 61940
70 68549
71 58847
72 71494
73 60331
74 68591
75 68815
76 68772
77 86011
78 81777
79 71577
80 79763
81 64834
82 77030
83 84476
84 79521
85 92880
86 109659
87 89547
88 106041
89 94184
90 92821
91 100146
92 111244
93 83143
94 90679
95 95748
96 101182
97 100964
98 117295
99 90967
