0 719
1 3251
2 2730
3 4156
4 4154
5 7201
6 7886
7 19113
8 12691
9 8906
10 8130
11 11534
12 11498
13 11898
14 48721
15 8889
16 7697
17 10577
18 10796
19 12791
20 10109
21 14500
22 16088
23 18638
24 23656
25 16030
26 20897
27 17979
28 19474
29 21068
30 21959
31 20491
32 28688
33 27972
34 43612
35 32605
36 38739
37 26987
38 26087
39 42614
40 27921
41 24588
42 28050
43 33279
44 33820
45 35390
46 36544
47 40061
48 40219
49 57027
50 43328
51 43723
52 47275
53 40763
54 34614
55 42771
56 41600
57 46381
58 46016
59 53592
60 60738
61 58308
62 54818
63 59649
64 59261
65 62257
66 60982
67 56709
68 57132
69 61030
70 64365
71 56090
72 56830
73 91846
74 65366
75 81212
76 73036
77 64005
78 77447
79 70037
80 82269
81 63377
82 93150
83 92942
84 96139
85 88404
86 85759
87 85405
88 92416
89 95690
90 104189
91 103351
92 102403
93 108385
94 108456
95 110750
96 119435
97 113338
98 181565
99 170427
0 489
1 1881
2 1376
3 1930
4 1861
5 3520
6 2795
7 5272
8 4110
9 6673
10 7229
11 10768
12 10455
13 10230
14 10842
15 9291
16 7784
17 11737
18 12804
19 12319
20 15084
21 13453
22 16524
23 11149
24 14399
25 11534
26 19625
27 17703
28 20919
29 21322
30 23205
31 23667
32 40103
33 36412
34 37352
35 34551
36 46006
37 29275
38 29228
39 24882
40 27027
41 23127
42 43713
43 54526
44 39687
45 40118
46 38420
47 60717
48 60576
49 48485
50 53328
51 58124
52 49449
53 41226
54 35035
55 50147
56 51108
57 73294
58 77468
59 55331
60 61999
61 60203
62 48926
63 79349
64 67729
65 66676
66 61129
67 65164
68 55272
69 59520
70 56993
71 62446
72 50938
73 68287
74 65468
75 80342
76 82026
77 104463
78 79192
79 62544
80 82642
81 72091
82 91575
83 92059
84 84288
85 92701
86 82279
87 99193
88 87275
89 92881
90 89100
91 110367
92 106898
93 103004
94 97337
95 183573
96 113173
97 145922
98 92375
99 190405
0 521
1 1760
2 1288
3 1587
4 2158
5 3632
6 2862
7 3995
8 4546
9 5273
10 5617
11 5756
12 6189
13 6937
14 8685
15 7647
16 11020
17 10098
18 10891
19 13856
20 11435
21 13309
22 13800
23 13461
24 12096
25 14840
26 17243
27 13592
28 17960
29 16231
30 22104
31 19314
32 19323
33 36098
34 27716
35 22187
36 25691
37 23738
38 25071
39 25921
40 32730
41 33363
42 39124
43 30835
44 36238
45 38439
46 35496
47 38517
48 39683
49 63600
50 43702
51 40943
52 60092
53 40173
54 52308
55 47317
56 68953
57 53280
58 44800
59 79161
60 55414
61 56304
62 57454
63 47427
64 65311
65 60087
66 74212
67 49827
68 60619
69 60396
70 73172
71 69959
72 77946
73 68064
74 72561
75 74909
76 77616
77 82275
78 109162
79 67702
80 76331
81 72059
82 82780
83 89475
84 74593
85 91367
86 117840
87 108603
88 94118
89 107896
90 103913
91 109378
92 111862
93 118191
94 86366
95 111627
96 112417
97 108868
98 129217
99 119372
0 450
1 1547
2 1430
3 1525
4 2182
5 3640
6 2782
7 4021
8 4693
9 5247
10 5649
11 5689
12 6135
13 6718
14 7866
15 6796
16 8920
17 10840
18 10864
19 13548
20 9324
21 11750
22 12424
23 15500
24 15640
25 12831
26 12898
27 15771
28 17872
29 19390
30 16193
31 16736
32 19377
33 22574
34 24797
35 20978
36 25001
37 28242
38 27011
39 28518
40 29305
41 26731
42 26200
43 31106
44 30384
45 34710
46 33464
47 37951
48 32928
49 60986
50 39934
51 42816
52 36398
53 41481
54 48359
55 46902
56 50282
57 43377
58 53420
59 55105
60 45172
61 49084
62 51832
63 54100
64 59082
65 51970
66 60842
67 59241
68 62065
69 67740
70 67305
71 63752
72 73721
73 70951
74 71372
75 64381
76 70087
77 87352
78 73527
79 79449
80 83060
81 76044
82 80761
83 75167
84 77129
85 71198
86 83075
87 81402
88 79396
89 81085
90 76611
91 96825
92 98675
93 87447
94 112767
95 93962
96 109890
97 111037
98 115426
99 125519
0 364
1 1469
2 1353
3 1711
4 2257
5 3365
6 3783
7 6108
8 4181
9 4867
10 4252
11 4531
12 5680
13 7325
14 8187
15 7665
16 8500
17 12911
18 10326
19 14038
20 13500
21 10986
22 10704
23 14817
24 13910
25 14492
26 14472
27 18224
28 16264
29 18944
30 18481
31 16729
32 17275
33 20786
34 20306
35 20532
36 24138
37 28334
38 24241
39 27848
40 29263
41 26870
42 28852
43 33361
44 30621
45 38609
46 36399
47 37053
48 31370
49 54556
50 38627
51 43638
52 43333
53 42012
54 48528
55 47496
56 47622
57 38932
58 53599
59 47972
60 51722
61 50084
62 51728
63 53953
64 51656
65 50660
66 52493
67 59067
68 61169
69 66133
70 69647
71 64915
72 72509
73 69604
74 68520
75 74792
76 69780
77 73205
78 73406
79 70871
80 81113
81 73845
82 81451
83 76482
84 87078
85 89064
86 81748
87 99911
88 96964
89 92884
90 92398
91 104478
92 93912
93 122321
94 97096
95 94096
96 95266
97 99313
98 86641
99 123923
0 339
1 1320
2 1247
3 1365
4 2711
5 2907
6 3769
7 5229
8 4359
9 5099
10 5180
11 5892
12 5759
13 6387
14 7083
15 8212
16 8211
17 8381
18 9887
19 11137
20 12893
21 21330
22 12545
23 23617
24 22057
25 22605
26 25307
27 30364
28 22299
29 15390
30 21265
31 28794
32 18948
33 22764
34 23604
35 30178
36 20369
37 24322
38 29093
39 29747
40 30502
41 30730
42 33465
43 25138
44 29747
45 31840
46 34829
47 41272
48 39261
49 63742
50 38205
51 45180
52 41018
53 47778
54 47464
55 40980
56 76441
57 45394
58 52284
59 49312
60 46918
61 57491
62 56389
63 49621
64 59117
65 60780
66 93485
67 52443
68 56670
69 53690
70 85855
71 70518
72 64169
73 60828
74 73857
75 75745
76 82942
77 87961
78 66606
79 68550
80 75301
81 76910
82 73395
83 88524
84 86488
85 80146
86 69949
87 100812
88 86154
89 93342
90 92415
91 117391
92 93300
93 82712
94 93371
95 93077
96 110222
97 113829
98 97500
99 148221
0 276
1 1344
2 1132
3 1235
4 2362
5 2674
6 3363
7 4727
8 3968
9 4590
10 30340
11 4961
12 5923
13 7511
14 7382
15 6960
16 8032
17 16651
18 11740
19 11633
20 13093
21 12873
22 11176
23 11690
24 13557
25 15561
26 19800
27 19526
28 17461
29 17218
30 16475
31 18306
32 22496
33 20532
34 19807
35 21711
36 28990
37 28369
38 28557
39 26836
40 27947
41 41060
42 41539
43 27328
44 32628
45 32872
46 27825
47 36985
48 44701
49 39326
50 42685
51 37424
52 43431
53 42266
54 37631
55 45297
56 41105
57 49678
58 70668
59 51454
60 51524
61 48585
62 52905
63 47953
64 58479
65 81271
66 102757
67 65925
68 68796
69 60455
70 62011
71 70864
72 79258
73 54949
74 63688
75 67725
76 72256
77 73846
78 74743
79 80930
80 71561
81 78040
82 66784
83 74582
84 93729
85 76039
86 85651
87 81226
88 96279
89 86682
90 100083
91 96363
92 101233
93 109641
94 103069
95 90881
96 113351
97 110086
98 108855
99 96014
0 306
1 1402
2 1358
3 1994
4 2763
5 2595
6 2783
7 5622
8 6094
9 5179
10 5368
11 5389
12 5797
13 7601
14 7578
15 6889
16 8377
17 9299
18 20027
19 10472
20 11615
21 12949
22 12629
23 13430
24 12038
25 13635
26 18631
27 19628
28 17430
29 16987
30 16256
31 20505
32 21556
33 23185
34 19887
35 18630
36 29236
37 26775
38 39078
39 27717
40 31317
41 25263
42 25609
43 24947
44 32345
45 37147
46 31704
47 36634
48 42006
49 36183
50 41999
51 37043
52 38374
53 40268
54 42641
55 45370
56 45511
57 44702
58 57637
59 54798
60 48772
61 48853
62 64899
63 48821
64 76379
65 47799
66 68779
67 65293
68 67192
69 52579
70 60711
71 69440
72 77891
73 54453
74 81001
75 66248
76 71569
77 64339
78 73679
79 73279
80 63106
81 69122
82 75210
83 74520
84 83388
85 85895
86 88802
87 81405
88 91336
89 76224
90 89297
91 98413
92 82734
93 91501
94 133252
95 104706
96 100736
97 93837
98 100578
99 90685
0 286
1 1680
2 1278
3 1275
4 2414
5 2245
6 3650
7 5755
8 4540
9 4970
10 5967
11 4776
12 6579
13 5819
14 6335
15 7369
16 7163
17 9612
18 9676
19 18540
20 11334
21 12304
22 15078
23 14861
24 12089
25 14639
26 14442
27 18779
28 15328
29 22007
30 18993
31 17732
32 27575
33 22017
34 19378
35 27380
36 22342
37 31241
38 21248
39 36185
40 27288
41 29700
42 28255
43 28617
44 30670
45 28913
46 29732
47 39317
48 41119
49 47250
50 41542
51 53490
52 33262
53 37011
54 35362
55 41782
56 56139
57 47396
58 52453
59 55938
60 51658
61 43803
62 52780
63 61790
64 56586
65 68476
66 59815
67 57394
68 68731
69 61306
70 63028
71 66881
72 56208
73 68595
74 65866
75 68400
76 70306
77 77447
78 63041
79 105570
80 74613
81 77490
82 76019
83 88930
84 81268
85 96412
86 78382
87 91561
88 80546
89 101998
90 89114
91 85972
92 95895
93 108437
94 123761
95 93283
96 89171
97 107963
98 114649
99 90583
0 438
1 2356
2 1619
3 2601
4 3201
5 3591
6 4455
7 17722
8 5155
9 5793
10 6735
11 5395
12 7249
13 5650
14 7073
15 8313
16 8140
17 9657
18 9665
19 9392
20 9723
21 12512
22 14970
23 16593
24 13639
25 14877
26 12603
27 18809
28 15084
29 21925
30 18742
31 20759
32 27273
33 29462
34 19281
35 23631
36 22396
37 32070
38 18893
39 30783
40 23076
41 33536
42 27756
43 29147
44 30916
45 28317
46 34330
47 38654
48 51016
49 41397
50 45920
51 54061
52 37179
53 42943
54 41082
55 41593
56 50017
57 53826
58 60158
59 67963
60 45873
61 47879
62 53415
63 57472
64 63502
65 58241
66 62419
67 61881
68 54315
69 67833
70 62072
71 67682
72 74691
73 82980
74 74678
75 65570
76 72182
77 74937
78 84726
79 76495
80 83791
81 64317
82 74999
83 80043
84 99472
85 71161
86 76163
87 99577
88 95529
89 100236
90 137053
91 118732
92 88961
93 107352
94 106879
95 91294
96 85047
97 95582
98 109585
99 108360
0 352
1 1457
2 1833
3 1522
4 2732
5 2500
6 3233
7 3531
8 3369
9 4762
10 5860
11 7445
12 6915
13 7435
14 8163
15 7413
16 6668
17 9949
18 9966
19 11530
20 13765
21 11880
22 11688
23 12806
24 16031
25 11827
26 15474
27 17214
28 16039
29 15115
30 18697
31 21794
32 20973
33 16274
34 25452
35 24369
36 22628
37 30562
38 23009
39 28215
40 28686
41 29624
42 27314
43 28287
44 34155
45 32490
46 40348
47 34063
48 37343
49 35709
50 47756
51 37262
52 50917
53 41265
54 47788
55 41965
56 48696
57 42791
58 48014
59 45402
60 46527
61 49734
62 47546
63 60597
64 59754
65 58003
66 71883
67 61942
68 60460
69 68442
70 69142
71 60628
72 69561
73 84592
74 67486
75 81122
76 71864
77 84421
78 84522
79 67893
80 84330
81 72351
82 84423
83 94144
84 88832
85 71497
86 86037
87 101048
88 95987
89 114195
90 99450
91 83292
92 87356
93 102481
94 128490
95 113167
96 103117
97 107360
98 89863
99 102003
0 322
1 1335
2 1375
3 1624
4 2959
5 3107
6 2887
7 3936
8 4401
9 6183
10 6710
11 7085
12 6975
13 7545
14 7453
15 8198
16 8065
17 10767
18 13489
19 13593
20 11096
21 13037
22 11207
23 15110
24 16823
25 12864
26 12741
27 11858
28 18126
29 18473
30 17520
31 17831
32 25013
33 27767
34 22216
35 24575
36 26653
37 25433
38 27503
39 25075
40 25633
41 25963
42 35478
43 27637
44 49691
45 39783
46 33636
47 40711
48 35707
49 34848
50 39756
51 40410
52 39324
53 35249
54 39227
55 43073
56 39058
57 42990
58 48249
59 45817
60 55884
61 58135
62 44463
63 56629
64 50953
65 55786
66 66818
67 63742
68 65237
69 67484
70 74110
71 83366
72 62535
73 119700
74 53702
75 62546
76 63965
77 77500
78 66172
79 77347
80 72624
81 76610
82 84825
83 93903
84 64057
85 97025
86 86109
87 104205
88 91475
89 93230
90 82219
91 103102
92 96511
93 102862
94 114169
95 100354
96 91892
97 116159
98 81862
99 108243
0 1008
1 1450
2 1329
3 1689
4 2945
5 2929
6 2939
7 3986
8 4405
9 6220
10 6736
11 7071
12 6809
13 7643
14 7418
15 8116
16 9124
17 11377
18 13493
19 13565
20 11134
21 14659
22 12678
23 15020
24 15275
25 12939
26 15171
27 11863
28 15586
29 18979
30 19679
31 20237
32 24745
33 26154
34 21389
35 36861
36 23569
37 28830
38 27788
39 24770
40 25422
41 24496
42 41343
43 24664
44 31320
45 34888
46 38427
47 31996
48 38403
49 36487
50 61908
51 59295
52 40901
53 30218
54 34449
55 42462
56 44217
57 48708
58 47088
59 51609
60 48561
61 58258
62 50505
63 60030
64 56539
65 54023
66 67287
67 63882
68 72358
69 66429
70 80293
71 84148
72 62322
73 58888
74 76128
75 62039
76 87816
77 66869
78 77894
79 72211
80 84316
81 91728
82 90672
83 76970
84 80524
85 92156
86 81051
87 84386
88 85504
89 113045
90 100913
91 102170
92 133632
93 95448
94 80087
95 95681
96 105167
97 125876
98 100221
99 115143
0 421
1 1522
2 1250
3 1490
4 2563
5 2655
6 3371
7 4929
8 3617
9 4977
10 7009
11 6788
12 7164
13 7289
14 7494
15 8036
16 9291
17 10617
18 8414
19 12278
20 13909
21 10954
22 10768
23 23984
24 15054
25 13213
26 16037
27 19873
28 19039
29 14949
30 18692
31 18660
32 15409
33 25524
34 21175
35 24651
36 24316
37 26325
38 22334
39 23878
40 33523
41 28317
42 27921
43 28667
44 39028
45 29303
46 32150
47 35726
48 31252
49 42063
50 36609
51 46396
52 35303
53 40219
54 42313
55 39173
56 49676
57 49693
58 42267
59 68188
60 44243
61 54606
62 51333
63 51300
64 80543
65 67156
66 69973
67 60021
68 57757
69 61404
70 70386
71 76177
72 58167
73 59070
74 67130
75 55670
76 66341
77 65232
78 108594
79 65743
80 64951
81 86502
82 92645
83 68032
84 80624
85 103639
86 91481
87 84657
88 85566
89 96447
90 139231
91 102323
92 125846
93 95437
94 90373
95 95218
96 114632
97 115519
98 119468
99 128233
0 402
1 1411
2 1127
3 1707
4 1985
5 2537
6 3570
7 3411
8 3994
9 5764
10 4415
11 4683
12 5507
13 6319
14 6558
15 7988
16 9262
17 8916
18 9984
19 8288
20 15566
21 12642
22 10536
23 17373
24 15100
25 14735
26 15333
27 16325
28 21736
29 17771
30 16140
31 20314
32 19117
33 21169
34 18696
35 23581
36 24583
37 28405
38 21310
39 26428
40 32659
41 32195
42 34831
43 28289
44 31550
45 32897
46 34686
47 37064
48 49582
49 30088
50 77178
51 45738
52 34007
53 40124
54 47587
55 37340
56 52370
57 42969
58 40213
59 51742
60 56649
61 61113
62 60482
63 71474
64 54574
65 61560
66 61775
67 61659
68 46841
69 55218
70 53195
71 65965
72 66595
73 62051
74 77833
75 69829
76 70413
77 58709
78 164189
79 61718
80 77667
81 80461
82 85507
83 91335
84 88331
85 95872
86 89407
87 80332
88 90781
89 85208
90 97836
91 109898
92 93018
93 99089
94 94819
95 96399
96 84098
97 129779
98 119431
99 112409
0 425
1 2242
2 1338
3 1878
4 2144
5 2820
6 3904
7 3849
8 6950
9 6741
10 4928
11 5250
12 5961
13 7182
14 7562
15 9039
16 10318
17 8893
18 11316
19 9421
20 10011
21 12727
22 10572
23 17835
24 15157
25 13112
26 17147
27 16403
28 23196
29 17848
30 19739
31 23588
32 19454
33 24749
34 21330
35 20770
36 27839
37 25116
38 24760
39 23618
40 26475
41 30630
42 35331
43 28070
44 32173
45 37177
46 34110
47 38496
48 38479
49 34758
50 61588
51 39335
52 34251
53 40139
54 47604
55 37919
56 46894
57 43662
58 40057
59 44388
60 50228
61 60405
62 60260
63 63123
64 56091
65 61655
66 61753
67 62324
68 53807
69 55093
70 53190
71 66647
72 66609
73 70376
74 82804
75 70538
76 71355
77 66306
78 83234
79 60753
80 76939
81 90518
82 78173
83 76320
84 114182
85 89589
86 85475
87 101537
88 81310
89 81969
90 112743
91 91303
92 103149
93 87479
94 102898
95 87383
96 102181
97 93207
98 135215
99 109392
0 496
1 1513
2 1467
3 1530
4 2434
5 3288
6 3635
7 5045
8 3412
9 4253
10 4018
11 10846
12 7016
13 7796
14 8664
15 10036
16 9243
17 12458
18 11161
19 11247
20 11436
21 13576
22 13992
23 12896
24 14629
25 15302
26 14122
27 17436
28 19440
29 15897
30 21544
31 20814
32 21868
33 15462
34 22522
35 21951
36 31512
37 23703
38 25418
39 32209
40 26309
41 31938
42 28617
43 32633
44 33345
45 32695
46 35149
47 30039
48 42953
49 39467
50 38681
51 41108
52 41411
53 42857
54 42515
55 41886
56 47329
57 44262
58 54803
59 56123
60 50628
61 52865
62 54260
63 43176
64 62742
65 55429
66 62838
67 60017
68 55058
69 62324
70 59234
71 80369
72 61031
73 76683
74 59573
75 57266
76 68022
77 51320
78 65684
79 69667
80 85898
81 68419
82 68932
83 86303
84 87529
85 79499
86 96990
87 89923
88 92017
89 99097
90 101218
91 91312
92 103379
93 87267
94 103700
95 87089
96 90816
97 103976
98 112119
99 123026
0 451
1 1468
2 1310
3 2349
4 2392
5 3396
6 3570
7 6284
8 3931
9 4868
10 4402
11 6119
12 6056
13 6798
14 7517
15 8961
16 8053
17 10953
18 10398
19 11206
20 11570
21 15281
22 15645
23 15459
24 14485
25 13752
26 15828
27 17242
28 17216
29 16761
30 19021
31 18107
32 22509
33 17877
34 23270
35 21343
36 28075
37 23570
38 25516
39 55984
40 26600
41 22302
42 29311
43 29739
44 35077
45 36471
46 39036
47 35492
48 33085
49 33459
50 39850
51 41060
52 46507
53 52970
54 57187
55 53301
56 52579
57 37899
58 52425
59 128351
60 51012
61 56008
62 66477
63 55782
64 61672
65 59258
66 62163
67 61490
68 57221
69 49497
70 63596
71 64667
72 71731
73 66132
74 67602
75 58603
76 60900
77 80487
78 84233
79 72652
80 86074
81 73626
82 85965
83 77295
84 102388
85 87594
86 89290
87 85765
88 86037
89 85974
90 76967
91 103028
92 98030
93 95210
94 107350
95 90185
96 94982
97 95363
98 112044
99 93392
0 315
1 1854
2 1365
3 2087
4 3815
5 3378
6 4987
7 8692
8 5649
9 5086
10 4899
11 5726
12 5191
13 8110
14 8373
15 6992
16 8146
17 9434
18 10408
19 8542
20 11145
21 13994
22 13845
23 25321
24 17099
25 15057
26 17120
27 22227
28 15393
29 15212
30 19754
31 19007
32 18727
33 22429
34 20862
35 24854
36 26376
37 24085
38 26190
39 26565
40 27332
41 26415
42 29608
43 30080
44 30051
45 47388
46 35032
47 32019
48 32606
49 33372
50 40807
51 40536
52 46516
53 53371
54 44214
55 48881
56 46762
57 45462
58 52300
59 44227
60 64684
61 50942
62 81785
63 57107
64 56404
65 56126
66 55296
67 53820
68 57227
69 55481
70 55157
71 64824
72 71910
73 59036
74 76237
75 85808
76 62325
77 18446744072709632519
78 85010
79 81988
80 76649
81 83217
82 76959
83 77917
84 103174
85 99190
86 97456
87 94960
88 83143
89 93179
90 96631
91 100547
92 104704
93 107792
94 89535
95 95538
96 117264
97 126003
98 118902
99 100706
0 369
1 1499
2 1177
3 1632
4 2260
5 2501
6 3249
7 3919
8 3900
9 4470
10 5221
11 5259
12 6353
13 7211
14 8409
15 9058
16 8928
17 10562
18 9082
19 9559
20 9633
21 11635
22 10564
23 8897
24 12427
25 14328
26 16829
27 15833
28 16569
29 16049
30 18290
31 16765
32 18687
33 21324
34 20384
35 30508
36 26123
37 22514
38 27264
39 28895
40 25424
41 27351
42 26474
43 33619
44 34158
45 27862
46 32596
47 32437
48 33645
49 52901
50 38025
51 47278
52 47235
53 39789
54 49223
55 42650
56 44214
57 41330
58 56126
59 49234
60 61673
61 53237
62 52458
63 59438
64 42555
65 59603
66 52728
67 64427
68 64718
69 57212
70 70730
71 77383
72 105155
73 63758
74 64776
75 69832
76 73611
77 78230
78 80424
79 83197
80 85736
81 72905
82 77151
83 85674
84 111198
85 98830
86 86521
87 94598
88 83912
89 88703
90 96663
91 89776
92 105173
93 108323
94 101481
95 96907
96 117926
97 127034
98 107486
99 91027
0 431
1 1420
2 1277
3 1554
4 2200
5 2561
6 3333
7 3818
8 3803
9 4415
10 5226
11 5287
12 5563
13 6446
14 7524
15 7977
16 7829
17 9432
18 35201
19 10893
20 10540
21 11747
22 9419
23 10584
24 13897
25 12727
26 18360
27 18065
28 19696
29 17080
30 16194
31 19232
32 18702
33 21313
34 18396
35 23629
36 23398
37 28155
38 28315
39 30732
40 28994
41 31261
42 27555
43 42829
44 33929
45 33234
46 32797
47 35575
48 29711
49 49627
50 35619
51 41346
52 46976
53 39878
54 48108
55 45648
56 44212
57 41383
58 60390
59 52668
60 55877
61 51252
62 53110
63 64921
64 46024
65 60978
66 48152
67 53376
68 64074
69 63515
70 52104
71 61517
72 79236
73 59418
74 76806
75 72885
76 71878
77 57058
78 64095
79 67666
80 71068
81 76668
82 79477
83 80906
84 82724
85 79780
86 73157
87 95741
88 99960
89 105181
90 113755
91 94136
92 97095
93 104267
94 87893
95 123270
96 113620
97 116873
98 104510
99 114825
0 306
1 1310
2 1220
3 1363
4 2149
5 2521
6 3140
7 4680
8 4770
9 6479
10 5552
11 6115
12 7243
13 7811
14 8201
15 8106
16 8785
17 8573
18 10430
19 13359
20 12798
21 12340
22 10274
23 13347
24 14034
25 19983
26 13721
27 14652
28 18385
29 19262
30 20682
31 19816
32 16039
33 24343
34 22949
35 25787
36 21820
37 24917
38 25767
39 29569
40 25181
41 27617
42 26486
43 40876
44 42904
45 40462
46 40023
47 30088
48 37197
49 41978
50 41395
51 41794
52 55078
53 44623
54 39967
55 46217
56 42965
57 40421
58 55027
59 59341
60 49931
61 58111
62 47400
63 57669
64 51844
65 68726
66 55885
67 59717
68 56941
69 72146
70 66341
71 68603
72 73400
73 67964
74 68889
75 73515
76 81122
77 65118
78 64129
79 60959
80 72021
81 85562
82 91138
83 77575
84 82299
85 80840
86 82447
87 95751
88 98427
89 106035
90 113447
91 106060
92 97371
93 90968
94 100898
95 102918
96 101782
97 108094
98 117703
99 116723
0 396
1 1380
2 1293
3 1518
4 1879
5 2263
6 3470
7 5930
8 5650
9 4775
10 5386
11 7094
12 6813
13 7612
14 7725
15 6211
16 9047
17 9573
18 13646
19 13059
20 11650
21 9876
22 16373
23 14597
24 12655
25 12582
26 18061
27 14917
28 14291
29 16826
30 18461
31 20859
32 19351
33 19637
34 23767
35 19588
36 27806
37 24744
38 27391
39 25754
40 28022
41 24329
42 27171
43 30950
44 32381
45 29121
46 31626
47 34312
48 38491
49 45416
50 41413
51 40144
52 38216
53 46071
54 52279
55 49759
56 46643
57 54507
58 42017
59 39864
60 52260
61 49168
62 50067
63 69862
64 45671
65 65222
66 59923
67 65662
68 52481
69 62339
70 63113
71 74958
72 73336
73 68054
74 67253
75 75180
76 85675
77 72479
78 101809
79 68977
80 75516
81 108486
82 57916
83 81325
84 79212
85 81870
86 103132
87 96309
88 134690
89 96776
90 100995
91 92400
92 106233
93 89971
94 107203
95 105984
96 122742
97 108199
98 125231
99 116688
0 349
1 1476
2 1467
3 1454
4 1965
5 2353
6 3504
7 9737
8 8661
9 4859
10 5505
11 7186
12 6828
13 8436
14 8654
15 6853
16 7988
17 8376
18 11316
19 11676
20 11216
21 11035
22 16053
23 14744
24 14166
25 14784
26 15618
27 14656
28 16231
29 16906
30 19263
31 20689
32 20410
33 20052
34 22999
35 20239
36 23155
37 27704
38 25237
39 25478
40 24866
41 29079
42 29173
43 30539
44 36361
45 31010
46 36220
47 30475
48 43118
49 34065
50 37137
51 40862
52 34421
53 40462
54 52339
55 49507
56 40566
57 54113
58 48795
59 44729
60 53030
61 57535
62 44578
63 61347
64 52009
65 65085
66 53074
67 57993
68 67206
69 87597
70 65305
71 66772
72 61979
73 62537
74 96068
75 67049
76 63910
77 78785
78 76023
79 93261
80 90855
81 89776
82 81599
83 87039
84 89549
85 94451
86 95127
87 71787
88 83671
89 75827
90 96624
91 99437
92 104610
93 82668
94 104644
95 103495
96 114117
97 128568
98 86078
99 115383
0 334
1 1462
2 1420
3 1383
4 2452
5 2805
6 3090
7 4670
8 5110
9 5363
10 5894
11 4677
12 5659
13 5984
14 6319
15 8750
16 8787
17 8355
18 11296
19 9040
20 10599
21 9807
22 13706
23 15836
24 24800
25 15075
26 13530
27 16555
28 24972
29 19091
30 19631
31 19861
32 15549
33 24685
34 23987
35 27219
36 23366
37 25835
38 27407
39 38554
40 26007
41 33329
42 31553
43 30367
44 33446
45 36896
46 41506
47 37155
48 35328
49 31389
50 52676
51 45054
52 41849
53 37949
54 76348
55 49591
56 45478
57 50772
58 48657
59 44777
60 52144
61 43467
62 56634
63 49715
64 61036
65 61022
66 64641
67 51383
68 75827
69 82129
70 64965
71 66740
72 62565
73 55077
74 86990
75 66082
76 63065
77 77635
78 75722
79 74615
80 89684
81 89507
82 91560
83 87171
84 84546
85 94763
86 94343
87 72180
88 76514
89 78783
90 123299
91 96520
92 104418
93 93510
94 91658
95 106523
96 95221
97 109009
98 111340
99 107101
0 308
1 1602
2 1258
3 1672
4 2660
5 2619
6 2688
7 4952
8 4646
9 5331
10 4681
11 6175
12 6824
13 7377
14 7733
15 5733
16 7377
17 12718
18 12225
19 9776
20 10842
21 12503
22 12711
23 13596
24 19008
25 12895
26 12808
27 18415
28 16333
29 18425
30 21338
31 19439
32 21827
33 34125
34 23622
35 25014
36 28670
37 27844
38 29050
39 22898
40 25529
41 28141
42 32534
43 29685
44 31989
45 34545
46 33631
47 37458
48 39123
49 37479
50 42146
51 43835
52 36452
53 45069
54 41012
55 37710
56 45258
57 48237
58 49443
59 54119
60 45405
61 63097
62 61994
63 58121
64 61479
65 46026
66 63980
67 56245
68 52859
69 47754
70 65090
71 56960
72 77916
73 66449
74 65538
75 67001
76 63502
77 72477
78 75750
79 90683
80 81202
81 72787
82 73615
83 85502
84 93667
85 81765
86 93298
87 102813
88 71727
89 89148
90 95977
91 92765
92 106292
93 82468
94 130951
95 109319
96 107260
97 96853
98 98926
99 100088
0 379
1 1417
2 1136
3 1606
4 2527
5 2591
6 2697
7 4464
8 4068
9 4794
10 4104
11 5654
12 5946
13 7388
14 7817
15 5789
16 7480
17 12388
18 11583
19 9700
20 10955
21 11189
22 12671
23 12053
24 19083
25 14563
26 14505
27 17506
28 14268
29 18517
30 22836
31 19441
32 22387
33 22857
34 27103
35 21687
36 31623
37 26800
38 25472
39 20094
40 22888
41 28520
42 35233
43 26268
44 31829
45 34952
46 32477
47 37321
48 38878
49 37314
50 41651
51 44698
52 42272
53 46047
54 68160
55 43481
56 46359
57 49518
58 50350
59 49258
60 41199
61 62734
62 51909
63 60087
64 61489
65 53049
66 52862
67 64412
68 53590
69 55194
70 64911
71 64934
72 74380
73 58302
74 65454
75 75488
76 72816
77 64711
78 84888
79 77311
80 73342
81 77242
82 71047
83 95570
84 111506
85 88865
86 92978
87 101839
88 94771
89 86885
90 79548
91 100084
92 86938
93 97386
94 102575
95 113714
96 107308
97 104912
98 92040
99 102714
0 376
1 1495
2 1218
3 1614
4 1979
5 3193
6 2747
7 4374
8 4110
9 5512
10 6365
11 5894
12 7062
13 7094
14 8728
15 7921
16 6517
17 7600
18 11186
19 9983
20 10743
21 9212
22 16588
23 12868
24 13968
25 14238
26 15642
27 17753
28 19113
29 18153
30 19295
31 16506
32 24812
33 22468
34 17923
35 27467
36 30008
37 27323
38 21376
39 40882
40 27935
41 26374
42 34502
43 34741
44 33115
45 33276
46 29160
47 31356
48 34094
49 39039
50 43569
51 42949
52 37305
53 49301
54 47705
55 52704
56 46048
57 49172
58 48089
59 57089
60 62407
61 65778
62 51886
63 55834
64 45155
65 64905
66 73912
67 46378
68 56396
69 50975
70 68613
71 68680
72 58511
73 78168
74 80415
75 60670
76 70951
77 71989
78 84734
79 86786
80 83128
81 76980
82 128184
83 86685
84 77766
85 85656
86 92934
87 85845
88 94990
89 86882
90 89881
91 99454
92 168496
93 97171
94 115043
95 114159
96 99566
97 122674
98 125051
99 120243
0 366
1 1223
2 1044
3 1334
4 1809
5 2677
6 2525
7 4725
8 2977
9 5129
10 5088
11 4788
12 4510
13 6582
14 7927
15 8576
16 6891
17 9384
18 11468
19 10910
20 12389
21 11192
22 11450
23 12508
24 14746
25 15812
26 15050
27 16859
28 19913
29 16627
30 20646
31 24553
32 22380
33 21934
34 25094
35 19034
36 33688
37 27201
38 29148
39 25354
40 30604
41 27453
42 31912
43 33999
44 35462
45 25404
46 29208
47 40952
48 31935
49 32246
50 45507
51 37142
52 38006
53 35097
54 47326
55 49515
56 37322
57 43722
58 42822
59 55825
60 45355
61 56351
62 54012
63 58988
64 52325
65 60709
66 48644
67 60112
68 66276
69 63185
70 63577
71 66306
72 70888
73 70304
74 75456
75 67412
76 77146
77 71288
78 65462
79 73888
80 65334
81 83502
82 68593
83 93770
84 80630
85 97759
86 82922
87 135338
88 86107
89 89005
90 84912
91 85869
92 89470
93 109664
94 96687
95 98646
96 111869
97 121209
98 125227
99 106534
0 407
1 1653
2 1238
3 1636
4 2029
5 3169
6 2922
7 5845
8 3562
9 5264
10 4975
11 4874
12 4581
13 6722
14 8052
15 8704
16 7000
17 8196
18 11406
19 11152
20 12513
21 11280
22 11626
23 14149
24 13070
25 14233
26 14816
27 16830
28 17566
29 18654
30 20546
31 21451
32 22376
33 21753
34 25059
35 18921
36 94156
37 24545
38 26161
39 25351
40 30774
41 27517
42 49220
43 34104
44 35946
45 25358
46 32948
47 47701
48 31481
49 32317
50 45378
51 39158
52 39119
53 32209
54 42162
55 50137
56 38433
57 44389
58 43710
59 55929
60 61834
61 56744
62 61309
63 57374
64 52223
65 78442
66 49275
67 53281
68 67240
69 62927
70 56516
71 58984
72 68950
73 61196
74 75075
75 74487
76 74636
77 61876
78 63256
79 71933
80 63143
81 94305
82 77545
83 77365
84 90350
85 71179
86 85707
87 107473
88 103940
89 95621
90 81749
91 95019
92 101528
93 104446
94 111317
95 88887
96 126588
97 107323
98 116514
99 117545
0 385
1 1495
2 1405
3 1576
4 2668
5 2326
6 3049
7 5849
8 4153
9 5642
10 5052
11 5158
12 6905
13 7642
14 7684
15 6924
16 7388
17 7634
18 10701
19 14208
20 11765
21 14874
22 12759
23 14017
24 12220
25 16856
26 16769
27 19154
28 20769
29 15190
30 15162
31 19035
32 18548
33 22757
34 23426
35 24613
36 25837
37 28925
38 31490
39 24872
40 35705
41 28268
42 28941
43 28253
44 44020
45 33678
46 37116
47 33555
48 30963
49 52786
50 49027
51 45626
52 33319
53 38976
54 44804
55 40065
56 59385
57 48387
58 58682
59 45496
60 51355
61 46460
62 54998
63 45547
64 58964
65 59273
66 56465
67 62543
68 56912
69 67463
70 71697
71 62149
72 93623
73 67822
74 63342
75 66250
76 72044
77 82653
78 74829
79 84610
80 75832
81 74485
82 77435
83 77549
84 90233
85 80370
86 95411
87 102827
88 102782
89 95931
90 81554
91 94903
92 101768
93 104020
94 158408
95 99986
96 138251
97 90969
98 103790
99 117817
0 372
1 1520
2 1412
3 1555
4 2537
5 2356
6 3049
7 5872
8 4233
9 5615
10 4949
11 5204
12 6765
13 7601
14 7695
15 16033
16 7185
17 7564
18 9534
19 10634
20 10451
21 13383
22 14446
23 15735
24 14639
25 17603
26 14852
27 18275
28 19985
29 15082
30 15922
31 19327
32 18327
33 38986
34 20357
35 28550
36 29857
37 28272
38 30998
39 22047
40 24166
41 30564
42 26327
43 30169
44 35257
45 33138
46 34360
47 43056
48 38779
49 41046
50 46653
51 46728
52 41362
53 46930
54 50616
55 53356
56 47134
57 52378
58 45810
59 49181
60 70429
61 57093
62 51702
63 38856
64 56163
65 50783
66 57596
67 82675
68 68569
69 73660
70 70840
71 69722
72 70471
73 63552
74 66766
75 79656
76 57865
77 70253
78 71759
79 72482
80 86871
81 63298
82 76889
83 78713
84 88133
85 73738
86 84324
87 116544
88 90403
89 91642
90 80581
91 67738
92 88771
93 96353
94 115179
95 99486
96 112950
97 114825
98 118310
99 108504
0 302
1 1509
2 1436
3 1562
4 2176
5 2902
6 3639
7 3969
8 5149
9 4813
10 4892
11 7875
12 6006
13 8504
14 9386
15 6822
16 8243
17 12149
18 9409
19 11808
20 9830
21 11612
22 10801
23 12797
24 17365
25 16236
26 14848
27 20384
28 32191
29 30827
30 32692
31 39899
32 21820
33 27817
34 22811
35 27956
36 29277
37 24494
38 25920
39 24210
40 27107
41 28912
42 23080
43 28712
44 37765
45 32840
46 41875
47 37249
48 39394
49 36784
50 46757
51 59707
52 41239
53 47697
54 39866
55 41495
56 47124
57 51963
58 48549
59 43336
60 47219
61 50013
62 51239
63 38949
64 61311
65 57330
66 49994
67 57468
68 68700
69 75855
70 62064
71 70166
72 70763
73 64197
74 59078
75 80316
76 57986
77 70338
78 71892
79 81960
80 77497
81 71660
82 87650
83 88499
84 98470
85 83511
86 89015
87 87405
88 89471
89 84516
90 89196
91 92936
92 99706
93 119651
94 91257
95 99985
96 112566
97 122545
98 108845
99 115345
0 341
1 1608
2 1435
3 1492
4 2111
5 2847
6 4125
7 5027
8 4254
9 5104
10 5441
11 6236
12 6769
13 7160
14 6883
15 6679
16 7779
17 8769
18 9669
19 11930
20 11983
21 12032
22 13032
23 16423
24 17148
25 13005
26 18450
27 16482
28 19724
29 19123
30 19012
31 18912
32 19995
33 21528
34 21702
35 19080
36 21980
37 27269
38 23322
39 27563
40 29272
41 35606
42 25822
43 33125
44 28612
45 28311
46 28752
47 35753
48 40191
49 41996
50 42122
51 37099
52 47413
53 40894
54 51440
55 49650
56 44638
57 42974
58 44400
59 51324
60 44110
61 50034
62 48670
63 55938
64 57183
65 59111
66 57992
67 59818
68 52622
69 62762
70 59631
71 68788
72 52674
73 89330
74 71755
75 79799
76 95925
77 68825
78 79867
79 77206
80 89965
81 90880
82 73810
83 101739
84 91569
85 98094
86 89045
87 77855
88 89489
89 84210
90 89126
91 104708
92 95594
93 89465
94 108956
95 100089
96 129083
97 123649
98 109515
99 131597
0 300
1 1473
2 1333
3 1429
4 1945
5 2698
6 3842
7 4756
8 3655
9 4439
10 4883
11 5488
12 6015
13 6364
14 6865
15 6613
16 7735
17 10067
18 11024
19 11358
20 11735
21 12211
22 12940
23 16214
24 17118
25 13309
26 18446
27 14635
28 19778
29 16309
30 19267
31 21165
32 19939
33 21463
34 24267
35 21371
36 21552
37 24388
38 26076
39 24494
40 29187
41 31789
42 29066
43 27855
44 25401
45 30903
46 32026
47 31392
48 34495
49 40725
50 41172
51 37076
52 47433
53 46424
54 46417
55 57414
56 45158
57 56151
58 46344
59 54290
60 61338
61 59228
62 60609
63 47527
64 51525
65 55991
66 65532
67 68743
68 61519
69 69699
70 65183
71 59586
72 73657
73 79702
74 73070
75 70935
76 80709
77 73607
78 94219
79 87421
80 69455
81 70754
82 72065
83 91630
84 75323
85 95988
86 98322
87 89778
88 83664
89 75235
90 81203
91 87249
92 96881
93 84285
94 98098
95 94156
96 124344
97 119873
98 107704
99 92533
0 438
1 1718
2 1197
3 1545
4 2177
5 3069
6 2686
7 5436
8 3946
9 4937
10 5869
11 4850
12 5525
13 8638
14 8938
15 7745
16 7713
17 10400
18 7312
19 11038
20 10881
21 13633
22 15342
23 15510
24 15651
25 13694
26 15113
27 18528
28 20509
29 15295
30 21987
31 22192
32 19684
33 22817
34 19290
35 22003
36 24307
37 19807
38 25725
39 23960
40 26614
41 28540
42 44312
43 34116
44 32216
45 30055
46 32722
47 36306
48 51244
49 39546
50 41010
51 40689
52 33934
53 46084
54 46257
55 56697
56 49131
57 47214
58 40469
59 54495
60 48539
61 58764
62 53693
63 53818
64 51369
65 46164
66 58497
67 61676
68 55045
69 70599
70 65731
71 53059
72 60644
73 81632
74 72962
75 64209
76 80172
77 88130
78 86177
79 71408
80 69888
81 82289
82 71770
83 81224
84 74238
85 93974
86 89229
87 79208
88 83235
89 84325
90 89820
91 95502
92 101091
93 104068
94 104725
95 139989
96 93554
97 97198
98 113405
99 106155
0 366
1 1709
2 1365
3 2031
4 2250
5 2715
6 2842
7 5944
8 3901
9 4533
10 5222
11 5982
12 6638
13 10053
14 10601
15 8155
16 6498
17 8859
18 9494
19 10644
20 8650
21 12781
22 14592
23 16216
24 13851
25 14909
26 14907
27 16097
28 16310
29 18067
30 19293
31 21218
32 16685
33 26700
34 22379
35 23959
36 26141
37 21938
38 32276
39 33656
40 27551
41 32470
42 32938
43 30697
44 36683
45 32513
46 37767
47 48830
48 36027
49 41709
50 34253
51 39898
52 35615
53 38918
54 48148
55 43337
56 41898
57 47520
58 51982
59 37431
60 52897
61 38764
62 56564
63 58247
64 49777
65 55924
66 76149
67 54937
68 56805
69 54368
70 65543
71 65595
72 72807
73 71558
74 66470
75 72191
76 66344
77 68297
78 79181
79 79949
80 93872
81 91284
82 81828
83 75243
84 85116
85 70701
86 81110
87 73615
88 93803
89 83866
90 89842
91 117306
92 103726
93 93199
94 105674
95 119726
96 93805
97 96355
98 99783
99 105884
0 312
1 1356
2 1442
3 1979
4 2212
5 2804
6 2969
7 5963
8 3944
9 4582
10 5228
11 6171
12 5685
13 10429
14 10467
15 8290
16 6499
17 8897
18 10220
19 12211
20 10010
21 11085
22 14754
23 14462
24 13993
25 13488
26 15120
27 16062
28 14629
29 18906
30 18725
31 20204
32 18797
33 23851
34 21532
35 23306
36 21869
37 22476
38 32859
39 33808
40 25148
41 32091
42 31086
43 30843
44 36757
45 28790
46 32897
47 41445
48 32100
49 37463
50 50669
51 39850
52 36119
53 37839
54 42739
55 43179
56 47150
57 47428
58 51160
59 37402
60 53134
61 39022
62 56174
63 58428
64 43313
65 54057
66 47158
67 61853
68 57337
69 57353
70 55136
71 68155
72 83300
73 64733
74 64827
75 71934
76 78396
77 73345
78 89283
79 63291
80 93636
81 83555
82 79155
83 104753
84 83515
85 94330
86 96123
87 104025
88 83667
89 92555
90 93803
91 165936
92 99434
93 95666
94 83992
95 86952
96 102742
97 104134
98 103686
99 100231
0 304
1 1327
2 1080
3 1725
4 2191
5 2584
6 2959
7 4392
8 4368
9 4464
10 4951
11 6199
12 5876
13 6607
14 6759
15 9173
16 7861
17 8483
18 8132
19 10719
20 17048
21 11057
22 13458
23 14732
24 14830
25 15196
26 17435
27 34330
28 20196
29 18697
30 21421
31 14181
32 28629
33 19404
34 17809
35 29243
36 27520
37 27460
38 27089
39 28703
40 31013
41 26542
42 35411
43 28595
44 48006
45 32408
46 36522
47 44835
48 28995
49 41144
50 64289
51 42401
52 40364
53 40072
54 41558
55 50723
56 49592
57 38294
58 50687
59 52444
60 46268
61 53568
62 82431
63 53660
64 52218
65 65627
66 46164
67 75960
68 60562
69 57467
70 59019
71 68210
72 69553
73 57235
74 72958
75 71438
76 78025
77 72920
78 79093
79 62996
80 90628
81 83545
82 101344
83 83581
84 74196
85 83903
86 96112
87 125136
88 83721
89 104397
90 84233
91 106106
92 99329
93 95793
94 104523
95 113350
96 111339
97 101865
98 109480
99 120002
0 249
1 1400
2 1331
3 1448
4 2528
5 2838
6 3237
7 5724
8 4241
9 4585
10 4663
11 7590
12 5180
13 7976
14 9278
15 7133
16 8769
17 7518
18 9103
19 9699
20 10329
21 14572
22 12976
23 13416
24 16012
25 19364
26 17133
27 20407
28 18905
29 18554
30 15506
31 21089
32 21071
33 23356
34 18417
35 26755
36 22825
37 25914
38 27064
39 27363
40 30737
41 30979
42 30052
43 40056
44 33016
45 34544
46 31814
47 30723
48 31315
49 35211
50 48619
51 40730
52 38990
53 51601
54 42765
55 44179
56 46812
57 43220
58 53830
59 55063
60 54213
61 45188
62 59384
63 71000
64 53969
65 62087
66 58181
67 65971
68 59933
69 78609
70 66266
71 64895
72 77456
73 69899
74 72841
75 71348
76 67017
77 74787
78 86069
79 127398
80 87825
81 84705
82 75821
83 72194
84 73766
85 79834
86 93371
87 83687
88 102517
89 101308
90 96563
91 104216
92 93831
93 120844
94 104853
95 111428
96 125276
97 90927
98 112756
99 126152
0 314
1 1494
2 1358
3 1497
4 2608
5 2907
6 3339
7 5733
8 4257
9 4466
10 4587
11 7684
12 5180
13 8009
14 9421
15 7906
16 8737
17 7515
18 9203
19 9676
20 9228
21 15250
22 12985
23 13785
24 14450
25 18760
26 15811
27 20260
28 17396
29 19609
30 18092
31 20997
32 18810
33 24418
34 18525
35 27549
36 21379
37 22341
38 26578
39 25123
40 30484
41 30746
42 34722
43 33416
44 38227
45 35444
46 32623
47 34914
48 37573
49 39606
50 40890
51 38920
52 35971
53 43392
54 47317
55 43669
56 47580
57 48288
58 53872
59 52983
60 54167
61 50811
62 58428
63 67128
64 47926
65 92293
66 60650
67 64409
68 62563
69 72086
70 66204
71 66666
72 67622
73 69904
74 65503
75 57147
76 72051
77 72370
78 74397
79 70003
80 77391
81 73874
82 81522
83 74805
84 98245
85 69875
86 83152
87 97508
88 101463
89 106338
90 89479
91 91277
92 120719
93 86950
94 95630
95 89964
96 112995
97 105844
98 94360
99 115096
0 302
1 1416
2 1234
3 1445
4 1673
5 3051
6 2673
7 14591
8 3669
9 3926
10 6276
11 4880
12 5637
13 8594
14 8275
15 7328
16 9638
17 11137
18 10694
19 13202
20 9149
21 10314
22 11932
23 15521
24 12737
25 16504
26 19343
27 15467
28 16057
29 22558
30 20095
31 18335
32 27600
33 17689
34 23559
35 18028
36 35357
37 23268
38 41706
39 29538
40 30224
41 27228
42 33226
43 33860
44 50532
45 36045
46 43190
47 37905
48 40314
49 41686
50 43951
51 44852
52 35728
53 43178
54 51560
55 41485
56 46894
57 47882
58 45599
59 57439
60 50316
61 44553
62 50001
63 48096
64 54338
65 56926
66 55530
67 56745
68 53532
69 75330
70 69213
71 64942
72 68407
73 79619
74 73480
75 69488
76 74137
77 71991
78 74584
79 69984
80 82955
81 73032
82 87061
83 123594
84 85169
85 78733
86 82742
87 86094
88 101652
89 85594
90 89889
91 91289
92 95917
93 100207
94 95751
95 90146
96 127014
97 106011
98 106330
99 98118
0 336
1 1460
2 1254
3 1721
4 2212
5 3288
6 3124
7 4959
8 4375
9 5121
10 7382
11 5847
12 6686
13 6793
14 6734
15 7787
16 9226
17 11568
18 11491
19 10801
20 11932
21 12664
22 11416
23 15432
24 17621
25 17375
26 17777
27 15342
28 15024
29 18079
30 18866
31 23725
32 22172
33 22450
34 24157
35 26380
36 42648
37 23783
38 24635
39 26458
40 25462
41 35380
42 28990
43 29544
44 29556
45 35284
46 42456
47 41559
48 38712
49 35054
50 35746
51 34401
52 39407
53 44864
54 44736
55 43950
56 46489
57 52558
58 39496
59 51934
60 59570
61 39900
62 60593
63 64524
64 48507
65 54542
66 53506
67 49635
68 61792
69 56610
70 48190
71 67839
72 77242
73 76685
74 66186
75 70226
76 78945
77 73095
78 80860
79 82613
80 87279
81 96966
82 87901
83 84113
84 108900
85 85813
86 83998
87 109438
88 99310
89 77608
90 95935
91 100647
92 83390
93 118509
94 98219
95 123745
96 127983
97 102726
98 107115
99 116204
0 297
1 1495
2 1253
3 2079
4 2182
5 3303
6 2975
7 4491
8 3790
9 4370
10 6599
11 5166
12 5889
13 6015
14 6053
15 6954
16 9276
17 10572
18 11244
19 10781
20 12177
21 12747
22 11475
23 19783
24 18071
25 27104
26 17830
27 27994
28 17231
29 16070
30 21139
31 23323
32 23223
33 22147
34 21265
35 26273
36 24485
37 23923
38 22310
39 28039
40 28769
41 35389
42 25883
43 30507
44 31050
45 30040
46 37444
47 37251
48 40708
49 30673
50 35690
51 38773
52 38744
53 44837
54 45353
55 44720
56 42020
57 46634
58 44543
59 45668
60 56557
61 40601
62 60297
63 57513
64 53999
65 49299
66 54353
67 51544
68 63629
69 62666
70 49285
71 68422
72 76747
73 76526
74 64717
75 73174
76 88876
77 63771
78 80395
79 82743
80 87893
81 83476
82 87916
83 74479
84 91494
85 85971
86 94384
87 84475
88 81693
89 91298
90 103159
91 88953
92 93732
93 100652
94 117536
95 92807
96 103847
97 109069
98 109787
99 100906
0 309
1 1298
2 1141
3 1728
4 1697
5 2199
6 2741
7 4058
8 6022
9 4064
10 4440
11 5158
12 5359
13 6007
14 8559
15 9084
16 8053
17 8886
18 9919
19 24052
20 10853
21 11554
22 14965
23 13985
24 15057
25 17702
26 16951
27 17157
28 19084
29 16544
30 16639
31 24747
32 18620
33 16709
34 24205
35 19606
36 25236
37 25511
38 27754
39 26054
40 24071
41 32328
42 33464
43 25964
44 44106
45 25513
46 35118
47 28989
48 35944
49 42496
50 38852
51 41553
52 38403
53 48486
54 42258
55 44837
56 54584
57 39683
58 59178
59 44913
60 48416
61 52634
62 50981
63 53680
64 58668
65 48174
66 59610
67 55715
68 67802
69 65749
70 65865
71 60053
72 65653
73 55135
74 54064
75 71545
76 76490
77 77536
78 87384
79 79682
80 79888
81 99136
82 85088
83 89284
84 90848
85 96261
86 92425
87 95195
88 91770
89 80829
90 95460
91 82576
92 93683
93 86986
94 109589
95 104355
96 91640
97 109524
98 103325
99 89854
0 313
1 1425
2 1148
3 1844
4 1855
5 2478
6 3004
7 4580
8 6564
9 4643
10 4940
11 5906
12 5403
13 5330
14 6777
15 8286
16 7252
17 8973
18 10017
19 15514
20 9834
21 14134
22 13449
23 14144
24 15794
25 18892
26 16179
27 15220
28 16988
29 16711
30 18802
31 21143
32 18543
33 17566
34 25775
35 19231
36 26278
37 26023
38 28082
39 28669
40 28955
41 27820
42 30192
43 25838
44 42746
45 29753
46 40262
47 33284
48 34927
49 55752
50 38759
51 36076
52 33302
53 51678
54 48766
55 44945
56 70740
57 43756
58 51459
59 39835
60 48015
61 55890
62 48409
63 62648
64 46691
65 83083
66 62299
67 67601
68 58809
69 68682
70 66905
71 60424
72 75173
73 77926
74 75240
75 68850
76 71756
77 67979
78 68593
79 79132
80 75482
81 68124
82 97546
83 79305
84 86182
85 84552
86 76495
87 70998
88 71196
89 85515
90 90697
91 84008
92 97833
93 94473
94 104829
95 113857
96 103339
97 95979
98 126261
99 104014
0 388
1 1286
2 1103
3 1417
4 2265
5 2245
6 2534
7 4446
8 3536
9 4053
10 4824
11 5102
12 5458
13 6675
14 19378
15 8831
16 25141
17 10734
18 11343
19 10012
20 10266
21 12716
22 12505
23 9621
24 13393
25 17076
26 13807
27 13491
28 16247
29 19719
30 20503
31 19828
32 22904
33 22680
34 22105
35 23238
36 23918
37 25536
38 28557
39 29668
40 28754
41 27478
42 29592
43 29688
44 30678
45 33282
46 30457
47 39764
48 39076
49 31821
50 55618
51 39818
52 45877
53 39700
54 45767
55 38182
56 45894
57 43678
58 46701
59 55770
60 60953
61 49563
62 53953
63 61930
64 59497
65 63779
66 62155
67 59643
68 52201
69 69199
70 50662
71 53377
72 96742
73 80752
74 74441
75 78663
76 62304
77 68048
78 78151
79 68769
80 74041
81 91664
82 86693
83 79231
84 81047
85 84352
86 67840
87 80016
88 71875
89 85069
90 98837
91 94995
92 97994
93 99794
94 84780
95 102795
96 107230
97 103190
98 104208
99 95187
0 316
1 1569
2 1334
3 1585
4 1773
5 2583
6 4240
7 3958
8 3568
9 5201
10 4953
11 7018
12 7298
13 6623
14 10031
15 7928
16 8133
17 9155
18 7638
19 9087
20 10476
21 11288
22 11455
23 16074
24 14107
25 15673
26 13095
27 14924
28 16763
29 21602
30 20194
31 17105
32 22537
33 24593
34 19642
35 21457
36 25643
37 30430
38 25338
39 20578
40 29783
41 23801
42 23371
43 31437
44 31374
45 34848
46 34334
47 34928
48 35342
49 43620
50 41276
51 43713
52 31517
53 46706
54 48723
55 41505
56 53340
57 44858
58 50071
59 47707
60 45763
61 54142
62 62947
63 55788
64 58791
65 55074
66 62758
67 62456
68 59846
69 74516
70 66448
71 61738
72 65281
73 64350
74 65798
75 85180
76 73821
77 66134
78 86784
79 63549
80 69226
81 85974
82 90476
83 93173
84 70223
85 72143
86 91055
87 87031
88 104743
89 81565
90 93368
91 97079
92 114590
93 103269
94 95450
95 102863
96 112565
97 90847
98 104148
99 94199
0 381
1 1537
2 1333
3 1631
4 1830
5 2593
6 4322
7 4070
8 3507
9 5163
10 4924
11 6967
12 7325
13 6769
14 9919
15 7941
16 9254
17 10352
18 8492
19 8193
20 10288
21 11290
22 11386
23 15915
24 14869
25 14968
26 20304
27 17133
28 14685
29 21148
30 17248
31 18475
32 25471
33 23363
34 19409
35 23425
36 22856
37 27618
38 25363
39 20303
40 28383
41 27069
42 27390
43 28629
44 31388
45 30079
46 33229
47 30983
48 35297
49 47939
50 36381
51 49889
52 31260
53 55458
54 47007
55 18446744072709597508
56 53008
57 38689
58 50124
59 74573
60 46104
61 60117
62 62758
63 50109
64 47277
65 61822
66 62556
67 62346
68 58008
69 68052
70 53713
71 65593
72 80340
73 80850
74 83609
75 56431
76 71081
77 66729
78 82258
79 69942
80 94824
81 68866
82 75079
83 92963
84 78774
85 94431
86 92721
87 87869
88 94673
89 99781
90 100289
91 92480
92 107766
93 94706
94 98463
95 86654
96 104738
97 133584
98 122267
99 115716
0 399
1 1619
2 1448
3 1729
4 2278
5 13086
6 3468
7 4122
8 4038
9 3795
10 4321
11 5536
12 5640
13 7597
14 6075
15 6293
16 8024
17 8196
18 9942
19 11227
20 13545
21 8647
22 14952
23 12318
24 14495
25 12520
26 16807
27 36158
28 30536
29 36081
30 39025
31 38147
32 27059
33 18599
34 18270
35 21425
36 27591
37 25225
38 38416
39 29428
40 27227
41 33759
42 28096
43 38536
44 33172
45 29602
46 39511
47 40588
48 39066
49 44030
50 39246
51 34370
52 65863
53 42636
54 37641
55 50685
56 48655
57 46013
58 65987
59 50396
60 74916
61 56015
62 60710
63 48391
64 57427
65 56999
66 59891
67 60014
68 62364
69 62539
70 60575
71 70789
72 86881
73 80846
74 75321
75 63283
76 89480
77 74840
78 78429
79 70637
80 87297
81 68767
82 75065
83 93134
84 70201
85 138168
86 93120
87 88096
88 106360
89 89048
90 100805
91 82148
92 98234
93 108857
94 101788
95 103487
96 87539
97 109433
98 114047
99 129470
0 364
1 1565
2 1213
3 1738
4 2982
5 3493
6 2981
7 5749
8 4661
9 4369
10 5448
11 6289
12 5507
13 6236
14 5233
15 9398
16 8388
17 8662
18 9488
19 27560
20 13708
21 13082
22 11436
23 11369
24 13835
25 14707
26 24175
27 16411
28 15594
29 17150
30 21518
31 20836
32 19041
33 23438
34 26650
35 25584
36 25080
37 28037
38 33322
39 23086
40 32450
41 30229
42 29366
43 38107
44 32286
45 31543
46 51952
47 41426
48 35674
49 48306
50 50196
51 38464
52 43383
53 31007
54 47877
55 45343
56 41233
57 48439
58 49588
59 47007
60 49649
61 52689
62 47796
63 51186
64 52127
65 66534
66 56705
67 69550
68 61884
69 76239
70 72167
71 53818
72 55396
73 72249
74 70971
75 63040
76 67798
77 71615
78 81498
79 73357
80 69776
81 101256
82 79875
83 81468
84 73019
85 91085
86 81316
87 75460
88 85020
89 86914
90 95589
91 79156
92 94309
93 96493
94 101217
95 103997
96 99037
97 124807
98 111756
99 108846
0 383
1 1492
2 1130
3 1697
4 2939
5 3342
6 5613
7 11218
8 4449
9 4825
10 5996
11 7074
12 6021
13 7067
14 5948
15 9291
16 8499
17 8676
18 8719
19 9872
20 13604
21 12738
22 11349
23 17768
24 24464
25 23477
26 26792
27 21536
28 20974
29 17088
30 19140
31 20688
32 21308
33 23705
34 34382
35 28748
36 24955
37 24859
38 24419
39 20039
40 32655
41 25791
42 32575
43 32933
44 28141
45 35263
46 35629
47 35968
48 30677
49 49594
50 66643
51 44362
52 42529
53 35252
54 53362
55 39053
56 40022
57 47328
58 48830
59 46168
60 44036
61 46176
62 47848
63 60870
64 58849
65 58843
66 56498
67 62546
68 60980
69 75023
70 70333
71 47208
72 63168
73 65256
74 69228
75 66424
76 67824
77 60815
78 75988
79 71141
80 76324
81 70335
82 73425
83 72786
84 76169
85 75518
86 94446
87 78641
88 104162
89 91348
90 84258
91 91235
92 108832
93 100570
94 96966
95 104731
96 110451
97 98279
98 114177
99 119262
0 306
1 1475
2 1395
3 1503
4 2388
5 2395
6 3138
7 5460
8 4389
9 5949
10 5534
11 6710
12 6183
13 6300
14 6334
15 9508
16 10628
17 7748
18 8726
19 10793
20 10741
21 10898
22 13181
23 12186
24 14843
25 20274
26 14535
27 17074
28 19357
29 13990
30 17444
31 18172
32 20241
33 22576
34 20493
35 20057
36 24327
37 30679
38 32151
39 32905
40 25371
41 31197
42 34722
43 32203
44 33138
45 37826
46 39360
47 38850
48 40604
49 37128
50 37275
51 39142
52 41753
53 37599
54 43709
55 49668
56 44629
57 38966
58 45620
59 47962
60 48022
61 48993
62 57918
63 72328
64 51475
65 60023
66 48082
67 67401
68 56643
69 66083
70 65468
71 62706
72 101957
73 70430
74 66066
75 66915
76 60128
77 77691
78 75136
79 69865
80 75886
81 82701
82 73282
83 79921
84 75375
85 84544
86 94182
87 89070
88 90404
89 108535
90 102469
91 81138
92 114099
93 97811
94 87411
95 103693
96 98025
97 91142
98 92974
99 94088
0 253
1 1366
2 1379
3 1572
4 2284
5 2633
6 3065
7 6015
8 4273
9 5161
10 4250
11 6170
12 6183
13 7154
14 9162
15 7247
16 8945
17 8848
18 12494
19 9341
20 12159
21 11604
22 12061
23 16165
24 13357
25 14206
26 14024
27 14921
28 19704
29 21228
30 20448
31 17747
32 20661
33 24175
34 21019
35 23744
36 27837
37 22257
38 28065
39 40382
40 28606
41 31235
42 37527
43 34664
44 26585
45 38848
46 33407
47 34756
48 41655
49 32942
50 53464
51 43940
52 40452
53 43240
54 37017
55 50933
56 67042
57 49680
58 43887
59 49395
60 50164
61 51374
62 58513
63 54540
64 51091
65 53411
66 63129
67 64253
68 60078
69 62342
70 64128
71 73518
72 67731
73 73538
74 66938
75 70951
76 73917
77 72354
78 73233
79 83157
80 78684
81 85076
82 86450
83 77983
84 74252
85 90927
86 118180
87 100044
88 89952
89 86530
90 87285
91 96113
92 91544
93 114635
94 107552
95 106688
96 137126
97 115784
98 104514
99 106069
0 312
1 1387
2 1400
3 1599
4 2316
5 2652
6 3070
7 4944
8 4499
9 4243
10 4233
11 6037
12 6239
13 7193
14 9104
15 11630
16 8983
17 9057
18 12527
19 8201
20 10660
21 13250
22 13643
23 13688
24 11828
25 17641
26 15703
27 15074
28 22291
29 21444
30 19561
31 20525
32 18383
33 24340
34 23216
35 23131
36 24617
37 21892
38 29485
39 33524
40 40563
41 30424
42 36167
43 31467
44 26680
45 36607
46 37607
47 34782
48 41799
49 36280
50 36354
51 45741
52 40658
53 43170
54 37776
55 51106
56 41539
57 48497
58 49301
59 43522
60 65785
61 45373
62 57694
63 54176
64 52105
65 53251
66 56262
67 64111
68 53416
69 62026
70 56444
71 73007
72 66922
73 65002
74 75328
75 70233
76 65484
77 64716
78 73230
79 83012
80 79119
81 84984
82 86173
83 77652
84 78560
85 91290
86 99339
87 85794
88 92615
89 97387
90 90909
91 133490
92 94469
93 97074
94 125583
95 95203
96 115890
97 103745
98 98089
99 97540
0 530
1 1544
2 1183
3 1821
4 2163
5 2859
6 3276
7 5510
8 4520
9 5562
10 5088
11 6012
12 6447
13 7441
14 6634
15 15312
16 10401
17 10639
18 8279
19 11099
20 9643
21 9370
22 12353
23 13887
24 16591
25 13044
26 15661
27 18119
28 16363
29 15430
30 20459
31 20034
32 20956
33 27002
34 23213
35 20929
36 21545
37 39200
38 26001
39 28628
40 30894
41 25981
42 29099
43 31265
44 26751
45 32644
46 38010
47 37834
48 34854
49 32988
50 39796
51 39315
52 36523
53 36693
54 41986
55 40523
56 43398
57 38851
58 45062
59 42161
60 63859
61 51361
62 58228
63 56441
64 65927
65 57670
66 56002
67 60382
68 53350
69 69143
70 76765
71 63712
72 95938
73 59540
74 62650
75 66505
76 66433
77 81359
78 81682
79 68539
80 73640
81 81015
82 85441
83 70756
84 81085
85 101917
86 87917
87 85816
88 82213
89 98312
90 85268
91 114030
92 102744
93 97266
94 107417
95 85137
96 102440
97 103845
98 110408
99 97396
0 299
1 1392
2 1174
3 1660
4 1901
5 2612
6 2926
7 4935
8 3964
9 4922
10 4442
11 5375
12 5637
13 6588
14 5680
15 7318
16 11107
17 10721
18 8288
19 11197
20 11114
21 10491
22 13986
23 13955
24 16825
25 11078
26 13870
27 18431
28 16291
29 17798
30 20367
31 19121
32 24533
33 26306
34 25728
35 25263
36 19381
37 30425
38 29577
39 27872
40 46273
41 21746
42 33938
43 35482
44 27156
45 31937
46 33240
47 32883
48 30150
49 31622
50 40140
51 39597
52 36885
53 48106
54 46143
55 39091
56 47279
57 51153
58 62074
59 46546
60 58595
61 55763
62 49474
63 55612
64 60409
65 58981
66 53791
67 58235
68 48767
69 54332
70 65149
71 68047
72 61627
73 63208
74 83497
75 78145
76 67951
77 73719
78 67711
79 75559
80 71998
81 67896
82 80308
83 65164
84 84796
85 84826
86 80040
87 79856
88 93265
89 103629
90 121575
91 99276
92 101726
93 100006
94 99099
95 98242
96 104360
97 120016
98 117561
99 100765
0 379
1 1377
2 1186
3 1342
4 2123
5 2743
6 3038
7 5759
8 4509
9 4270
10 5371
11 5766
12 5627
13 6665
14 7731
15 6885
16 8221
17 7808
18 8397
19 10322
20 10971
21 12316
22 12636
23 13309
24 15978
25 19466
26 12336
27 14633
28 17851
29 16931
30 21296
31 21104
32 19774
33 24932
34 23725
35 26935
36 30062
37 25057
38 25700
39 30343
40 30877
41 28251
42 34463
43 25440
44 35245
45 39415
46 36246
47 29791
48 38485
49 41449
50 43485
51 42466
52 38635
53 31987
54 45072
55 41425
56 48425
57 48501
58 51620
59 41549
60 51823
61 75867
62 48946
63 55703
64 60368
65 58105
66 56345
67 58351
68 48875
69 53866
70 65658
71 59862
72 61351
73 73028
74 78382
75 69981
76 68804
77 92439
78 61479
79 68238
80 72595
81 68660
82 72240
83 73624
84 88974
85 85709
86 90686
87 87383
88 91813
89 83763
90 93564
91 71744
92 109574
93 276907
94 102881
95 95522
96 104840
97 108149
98 91865
99 106733
0 277
1 1441
2 1400
3 1439
4 2551
5 2927
6 3574
7 5446
8 5388
9 4800
10 15549
11 5757
12 6556
13 5934
14 8091
15 7033
16 10592
17 9575
18 10933
19 12247
20 12785
21 13226
22 12394
23 12375
24 13045
25 14411
26 16695
27 12519
28 17710
29 17040
30 19921
31 16029
32 20220
33 21931
34 21699
35 20554
36 25082
37 26732
38 24232
39 26564
40 30575
41 29890
42 26966
43 55755
44 32550
45 39758
46 49282
47 31679
48 36575
49 30211
50 37791
51 38615
52 47460
53 45413
54 47755
55 35342
56 43279
57 46941
58 49229
59 70658
60 62852
61 53939
62 55960
63 57607
64 65888
65 53247
66 68321
67 51760
68 48918
69 56613
70 67160
71 74977
72 72267
73 62888
74 62651
75 78170
76 83859
77 58558
78 66290
79 81931
80 77866
81 74134
82 92941
83 106498
84 95241
85 75540
86 80740
87 81254
88 93151
89 78839
90 93279
91 71063
92 97747
93 92540
94 115659
95 107629
96 112439
97 114737
98 91960
99 116689
0 312
1 1282
2 1307
3 1334
4 2378
5 2728
6 3176
7 4857
8 4641
9 4169
10 4410
11 5303
12 5894
13 5285
14 7104
15 6348
16 8739
17 8508
18 11729
19 11773
20 13504
21 14891
22 14035
23 15482
24 13258
25 13879
26 16152
27 12588
28 19582
29 15343
30 17858
31 16956
32 21161
33 19725
34 25069
35 23839
36 25167
37 29141
38 21692
39 23996
40 31239
41 31304
42 31345
43 28900
44 33021
45 41085
46 42519
47 35802
48 36562
49 34388
50 38047
51 53392
52 41971
53 42382
54 43105
55 37861
56 45946
57 49950
58 46097
59 45906
60 55320
61 53169
62 47433
63 56794
64 49055
65 65680
66 64516
67 55134
68 58315
69 62502
70 76157
71 68062
72 77710
73 64397
74 55768
75 71744
76 66343
77 71377
78 70866
79 81984
80 85078
81 117330
82 72534
83 78758
84 89582
85 76033
86 86597
87 96100
88 106950
89 88385
90 111255
91 107668
92 100729
93 94100
94 86510
95 102821
96 120323
97 96797
98 111795
99 122045
0 340
1 1488
2 1505
3 1512
4 2546
5 2477
6 4068
7 4950
8 3826
9 4262
10 4870
11 6647
12 6080
13 6459
14 8543
15 8945
16 7332
17 7428
18 10115
19 9455
20 8624
21 14785
22 12593
23 10861
24 13447
25 13746
26 14038
27 16432
28 17662
29 19366
30 20628
31 20599
32 16574
33 20398
34 21582
35 26355
36 26654
37 29053
38 18555
39 26672
40 28141
41 33990
42 33551
43 35425
44 32520
45 31116
46 27731
47 36391
48 37634
49 35451
50 60098
51 81823
52 38141
53 37010
54 53716
55 38994
56 46316
57 44246
58 45823
59 51507
60 54873
61 47101
62 53174
63 57414
64 55639
65 84467
66 74377
67 53581
68 65925
69 70336
70 76263
71 180912
72 75897
73 72783
74 56188
75 71906
76 65370
77 70230
78 78830
79 81068
80 74155
81 108345
82 81084
83 79189
84 89660
85 74885
86 76692
87 88076
88 99605
89 117433
90 87242
91 89472
92 107716
93 84901
94 102702
95 123858
96 117706
97 110840
98 95351
99 100691
0 295
1 1512
2 1279
3 1301
4 2436
5 3346
6 3779
7 6318
8 4622
9 5244
10 5699
11 5480
12 5488
13 7823
14 7829
15 6030
16 9293
17 9044
18 8438
19 9178
20 13670
21 11699
22 12351
23 15213
24 17240
25 16408
26 14466
27 14483
28 14362
29 18001
30 15194
31 18478
32 19316
33 20919
34 28567
35 20231
36 25426
37 22936
38 30731
39 27974
40 81788
41 30915
42 26569
43 29101
44 30437
45 28057
46 38496
47 34424
48 49932
49 36162
50 33322
51 41206
52 49743
53 34467
54 48480
55 48986
56 46133
57 40767
58 42503
59 44676
60 55216
61 51164
62 53983
63 52205
64 57557
65 53998
66 65583
67 61316
68 59294
69 50652
70 69431
71 67194
72 62827
73 71846
74 59007
75 77716
76 65927
77 74854
78 89293
79 77271
80 77398
81 77580
82 80163
83 101748
84 86253
85 76127
86 90252
87 81371
88 79628
89 75002
90 87120
91 104995
92 107667
93 84240
94 103025
95 124406
96 120363
97 110443
98 95252
99 113216
0 306
1 1427
2 1210
3 1426
4 2511
5 3357
6 3830
7 5953
8 4738
9 5353
10 5504
11 5425
12 5486
13 7692
14 7871
15 6832
16 28460
17 11008
18 9520
19 9279
20 13451
21 11760
22 14055
23 15487
24 15362
25 15683
26 16060
27 14273
28 14408
29 17237
30 17163
31 20434
32 17130
33 18470
34 28477
35 22681
36 21241
37 27117
38 29461
39 28611
40 27397
41 30873
42 30243
43 32893
44 34409
45 25747
46 38783
47 35361
48 63091
49 36197
50 38405
51 36646
52 44565
53 38785
54 49383
55 43402
56 52517
57 46994
58 47831
59 44848
60 47512
61 58830
62 54328
63 45325
64 55712
65 52479
66 63628
67 52144
68 78822
69 53780
70 65862
71 80134
72 78791
73 78867
74 95881
75 71044
76 64309
77 72953
78 87098
79 76050
80 93944
81 88305
82 94780
83 73054
84 79634
85 83087
86 83438
87 77816
88 87756
89 83724
90 88482
91 109709
92 94133
93 73833
94 95843
95 108992
96 105533
97 104280
98 110312
99 89967
0 310
1 1388
2 1128
3 1704
4 1515
5 2832
6 2520
7 5172
8 3607
9 4129
10 4993
11 5667
12 6578
13 5279
14 8149
15 6609
16 9181
17 9778
18 8621
19 10131
20 11034
21 13267
22 12114
23 21453
24 13242
25 13311
26 15546
27 16368
28 16114
29 16734
30 16835
31 18152
32 20675
33 14660
34 33575
35 25742
36 21882
37 21751
38 29747
39 29566
40 31027
41 44010
42 28628
43 32393
44 33519
45 38707
46 33549
47 34543
48 36302
49 60525
50 39286
51 33400
52 47172
53 43765
54 41643
55 47492
56 46766
57 49236
58 43580
59 56405
60 77903
61 49378
62 45834
63 47225
64 63923
65 53673
66 59744
67 53697
68 71977
69 61927
70 81363
71 69131
72 71655
73 79453
74 77933
75 70907
76 64268
77 73156
78 77273
79 67381
80 92870
81 78102
82 95059
83 73510
84 78188
85 83372
86 83361
87 106379
88 83949
89 83723
90 93714
91 112113
92 110376
93 79982
94 102063
95 115151
96 90959
97 114653
98 98836
99 122954
0 341
1 1500
2 1399
3 1978
4 2262
5 3425
6 2802
7 4935
8 4720
9 4989
10 4954
11 5022
12 7243
13 15868
14 7582
15 7949
16 8086
17 29152
18 11384
19 12223
20 11170
21 11517
22 12338
23 12741
24 11474
25 25406
26 17385
27 16510
28 17518
29 18112
30 14305
31 18712
32 21687
33 19014
34 21659
35 24992
36 26652
37 25929
38 26397
39 24464
40 25224
41 27852
42 24084
43 39303
44 27189
45 38669
46 38097
47 35873
48 39210
49 37155
50 43988
51 38770
52 41945
53 35480
54 33938
55 67934
56 57704
57 49474
58 39093
59 50356
60 49808
61 52734
62 54839
63 62742
64 64168
65 62688
66 57348
67 63436
68 56552
69 72758
70 71328
71 68152
72 61308
73 56796
74 59062
75 64461
76 62678
77 75863
78 67924
79 68604
80 75854
81 80300
82 74785
83 85771
84 94535
85 122797
86 81436
87 82053
88 92121
89 105198
90 85325
91 89771
92 104697
93 71107
94 102561
95 114699
96 111015
97 113159
98 109728
99 123008
0 329
1 1536
2 1305
3 1908
4 2213
5 3380
6 2781
7 5115
8 4716
9 5021
10 5003
11 4416
12 6499
13 6371
14 6806
15 8293
16 7110
17 11551
18 11362
19 12325
20 10923
21 11839
22 12281
23 13059
24 13141
25 14334
26 14880
27 18412
28 50606
29 26806
30 21762
31 19776
32 19502
33 19282
34 22723
35 24150
36 27067
37 25683
38 25633
39 27878
40 24584
41 28625
42 23311
43 39813
44 26224
45 39034
46 51591
47 35591
48 39755
49 35895
50 57073
51 38373
52 40976
53 40412
54 33225
55 45822
56 56646
57 56643
58 44621
59 50323
60 49422
61 110234
62 55454
63 63202
64 64441
65 62701
66 56780
67 63372
68 56634
69 79942
70 70974
71 193974
72 70735
73 61811
74 66561
75 67674
76 50883
77 75139
78 72363
79 87000
80 79020
81 78442
82 89831
83 79673
84 83040
85 99080
86 93993
87 90537
88 71846
89 75121
90 73566
91 97055
92 100900
93 109396
94 90486
95 95719
96 99967
97 130061
98 143243
99 113438
0 288
1 1417
2 1310
3 1876
4 1941
5 2933
6 3077
7 4814
8 3956
9 5341
10 5012
11 5468
12 5913
13 5651
14 6763
15 7595
16 6938
17 8410
18 9476
19 12067
20 13340
21 13159
22 13413
23 15913
24 15472
25 11947
26 14709
27 18517
28 17973
29 18334
30 17835
31 19160
32 22244
33 18516
34 21624
35 25472
36 23263
37 23787
38 28650
39 23702
40 25468
41 20843
42 28358
43 33864
44 29554
45 32602
46 35708
47 35347
48 34375
49 42925
50 38502
51 35993
52 42120
53 42439
54 47857
55 50162
56 39733
57 50050
58 44324
59 46866
60 51098
61 51516
62 55296
63 55854
64 57931
65 77308
66 53183
67 54340
68 56679
69 57749
70 65796
71 72536
72 82966
73 77735
74 67178
75 67950
76 57965
77 83579
78 80680
79 96623
80 78459
81 78062
82 68088
83 79256
84 73945
85 92968
86 94102
87 90471
88 71992
89 84729
90 74625
91 96938
92 100844
93 107377
94 156242
95 105369
96 92394
97 109987
98 120500
99 143922
0 386
1 1361
2 1345
3 1584
4 2551
5 3035
6 3457
7 5732
8 3634
9 4866
10 5475
11 5681
12 7000
13 8081
14 6804
15 8534
16 10941
17 8911
18 19409
19 10341
20 10405
21 13184
22 12597
23 15406
24 16909
25 13289
26 16513
27 14570
28 19507
29 16059
30 16948
31 18006
32 21719
33 22287
34 24813
35 21913
36 30579
37 25363
38 25794
39 30002
40 28315
41 29072
42 33265
43 31442
44 27983
45 36393
46 103453
47 44252
48 38028
49 42687
50 33593
51 38979
52 39848
53 37685
54 42232
55 43313
56 38429
57 44009
58 45523
59 37552
60 45487
61 44472
62 49614
63 59261
64 56875
65 54317
66 56853
67 55240
68 61250
69 68440
70 78524
71 61310
72 80875
73 80401
74 64055
75 53005
76 71933
77 65591
78 73416
79 81486
80 77284
81 65371
82 66925
83 78791
84 82337
85 73899
86 85454
87 86127
88 86398
89 101394
90 86558
91 100468
92 87096
93 84170
94 92591
95 96047
96 91739
97 109803
98 95272
99 136266
0 316
1 1380
2 1362
3 1613
4 2643
5 2964
6 3592
7 4207
8 3619
9 4771
10 5561
11 5307
12 6250
13 7230
14 6213
15 7510
16 9787
17 9109
18 8945
19 9867
20 10518
21 22867
22 12333
23 14151
24 16655
25 14706
26 16491
27 13017
28 17617
29 18095
30 17816
31 17908
32 21663
33 20028
34 26015
35 21833
36 30456
37 22657
38 25735
39 30220
40 25783
41 26709
42 33155
43 32602
44 32776
45 37749
46 38232
47 35159
48 39585
49 46258
50 39579
51 42760
52 41808
53 42771
54 45727
55 45419
56 43430
57 39132
58 51943
59 33463
60 50990
61 45034
62 49196
63 53388
64 56837
65 53215
66 55727
67 61523
68 60572
69 63407
70 77372
71 68779
72 54456
73 65459
74 73209
75 69208
76 67531
77 79142
78 77333
79 83536
80 84220
81 89894
82 77499
83 83003
84 102703
85 103265
86 84652
87 91038
88 88274
89 94905
90 104057
91 89854
92 91060
93 86568
94 80786
95 98673
96 118728
97 111745
98 123661
99 115169
0 292
1 1427
2 1353
3 1603
4 2031
5 2279
6 3653
7 6160
8 4220
9 5119
10 6376
11 4197
12 5430
13 6991
14 6237
15 7854
16 15712
17 10223
18 10928
19 12771
20 13033
21 21829
22 12027
23 15710
24 16361
25 14680
26 11968
27 16675
28 14486
29 22609
30 17606
31 20372
32 23652
33 16595
34 22690
35 21911
36 19686
37 26200
38 26997
39 27543
40 24519
41 29868
42 26959
43 26516
44 36638
45 37298
46 38147
47 30657
48 35930
49 38835
50 39584
51 42310
52 36399
53 42395
54 42985
55 45938
56 44786
57 45867
58 54103
59 47952
60 52441
61 56397
62 44009
63 46298
64 56046
65 61669
66 52472
67 61025
68 65736
69 70107
70 70977
71 69670
72 57413
73 106264
74 62779
75 60706
76 67346
77 79133
78 77202
79 83683
80 74259
81 89478
82 77047
83 84517
84 103313
85 101221
86 74835
87 102550
88 99073
89 95031
90 104664
91 101101
92 80876
93 97670
94 91882
95 125633
96 111095
97 140835
98 96755
99 104051
0 287
1 1333
2 1140
3 1260
4 1876
5 2652
6 2751
7 4262
8 4193
9 4437
10 4271
11 5239
12 5333
13 6411
14 7529
15 8845
16 9815
17 9433
18 13840
19 8770
20 12233
21 13427
22 11620
23 12444
24 12311
25 14423
26 15567
27 16253
28 13947
29 16865
30 28358
31 20267
32 21063
33 17962
34 24305
35 21109
36 24122
37 26356
38 31519
39 25490
40 28851
41 32594
42 36939
43 20603
44 49620
45 52285
46 35011
47 33677
48 33403
49 38941
50 41508
51 38896
52 48047
53 37970
54 34645
55 48876
56 54399
57 53076
58 46747
59 41767
60 50490
61 47658
62 55982
63 53146
64 46084
65 71133
66 63339
67 57309
68 66595
69 67504
70 70579
71 62666
72 56081
73 79554
74 77388
75 97667
76 76683
77 79261
78 75782
79 66942
80 97480
81 100098
82 78836
83 87348
84 107208
85 85751
86 85265
87 87014
88 77333
89 79611
90 87849
91 87472
92 103049
93 99211
94 121755
95 90639
96 115506
97 110523
98 108872
99 104177
0 386
1 1410
2 1255
3 1319
4 2144
5 2943
6 3240
7 4850
8 4625
9 4819
10 4867
11 5885
12 5969
13 6483
14 6499
15 7937
16 8773
17 8508
18 11503
19 8776
20 12395
21 16030
22 13168
23 11086
24 10928
25 12605
26 15389
27 21712
28 16405
29 14731
30 19164
31 21926
32 21719
33 20813
34 25124
35 30541
36 25425
37 27147
38 31979
39 28092
40 31668
41 34157
42 37812
43 23964
44 32874
45 32095
46 36401
47 35034
48 38134
49 41665
50 69881
51 46005
52 48572
53 43712
54 40323
55 49624
56 68865
57 53083
58 47552
59 48408
60 50651
61 48204
62 56327
63 53486
64 58075
65 63646
66 63577
67 76931
68 66851
69 66612
70 83474
71 125350
72 74110
73 78816
74 68199
75 65638
76 76424
77 79757
78 77254
79 65545
80 83180
81 81227
82 78597
83 82667
84 83272
85 79917
86 73641
87 76301
88 83889
89 90795
90 106112
91 110759
92 96793
93 129834
94 134087
95 102964
96 91957
97 119193
98 116819
99 118380
0 303
1 1300
2 1105
3 1666
4 1726
5 2023
6 3584
7 5017
8 3870
9 4965
10 3796
11 5017
12 5575
13 5589
14 7171
15 9307
16 10307
17 10119
18 11446
19 12159
20 9386
21 10995
22 13710
23 13222
24 15538
25 18080
26 11354
27 20081
28 22987
29 16542
30 19008
31 19153
32 19863
33 25743
34 20696
35 26366
36 26541
37 27959
38 23644
39 24109
40 36238
41 33197
42 30654
43 31876
44 35557
45 32666
46 36898
47 45408
48 36097
49 42709
50 43874
51 38013
52 41747
53 63517
54 35684
55 51462
56 49970
57 50951
58 48993
59 46442
60 46473
61 46636
62 48914
63 55414
64 56590
65 61752
66 55537
67 60759
68 65616
69 70559
70 55977
71 62233
72 73286
73 79266
74 72823
75 79860
76 54827
77 81053
78 65958
79 73714
80 125016
81 103567
82 87293
83 73085
84 83273
85 70827
86 83048
87 85103
88 93807
89 80182
90 101230
91 87613
92 96522
93 98904
94 110597
95 80479
96 99765
97 105150
98 103469
99 100851
0 476
1 1667
2 1254
3 1873
4 1916
5 2367
6 4500
7 3392
8 4766
9 4621
10 6740
11 6460
12 5768
13 6695
14 7395
15 8941
16 11289
17 11850
18 11075
19 11224
20 10577
21 11402
22 10403
23 14674
24 14933
25 17739
26 14057
27 19187
28 23887
29 16336
30 17131
31 21911
32 17067
33 22292
34 26039
35 26647
36 24681
37 28068
38 25984
39 22057
40 28024
41 34431
42 25318
43 30351
44 24725
45 35200
46 34280
47 37767
48 36314
49 34684
50 40262
51 47904
52 61941
53 39102
54 41109
55 41674
56 47611
57 49712
58 52615
59 47591
60 46510
61 60376
62 54951
63 54093
64 59544
65 58489
66 51214
67 58995
68 73520
69 56147
70 81783
71 67105
72 54850
73 72882
74 59527
75 59369
76 60340
77 86745
78 77745
79 74078
80 85674
81 68037
82 81173
83 76293
84 80383
85 84371
86 81734
87 90244
88 70441
89 92698
90 105805
91 92289
92 97482
93 104550
94 99143
95 98845
96 99654
97 134719
98 105689
99 129442
0 419
1 1488
2 1169
3 1819
4 1957
5 2299
6 4347
7 3047
8 4339
9 4078
10 4607
11 4869
12 5146
13 6068
14 6630
15 7974
16 9843
17 11947
18 11007
19 12528
20 11735
21 12670
22 13292
23 14608
24 15081
25 14005
26 15251
27 29526
28 21041
29 19005
30 17706
31 18832
32 18942
33 22042
34 25982
35 29616
36 25902
37 24424
38 23678
39 26218
40 30822
41 35210
42 24529
43 30032
44 25986
45 35753
46 28717
47 38913
48 31810
49 56279
50 46729
51 44567
52 43027
53 48488
54 45843
55 41326
56 54157
57 49691
58 54235
59 42450
60 47009
61 59887
62 54326
63 48595
64 59685
65 66328
66 50888
67 58987
68 65453
69 56125
70 72286
71 70658
72 54730
73 72832
74 63530
75 59105
76 59914
77 86829
78 76949
79 73530
80 85506
81 68290
82 81622
83 76342
84 80415
85 121262
86 81519
87 74146
88 75985
89 86992
90 114919
91 92009
92 102827
93 110694
94 110770
95 87412
96 105274
97 105139
98 103024
99 107659
0 363
1 1454
2 1342
3 1753
4 1767
5 2205
6 2693
7 6294
8 3658
9 4796
10 5469
11 5704
12 5939
13 8081
14 7317
15 10367
16 8116
17 9414
18 13015
19 10103
20 12231
21 12926
22 14922
23 17362
24 14632
25 13566
26 16998
27 14978
28 19994
29 14450
30 18441
31 20560
32 15962
33 22961
34 21067
35 21545
36 28028
37 22792
38 24995
39 30624
40 24626
41 31075
42 25534
43 34944
44 37482
45 31419
46 36667
47 31299
48 31486
49 36934
50 67822
51 44766
52 46525
53 50125
54 43947
55 46729
56 48548
57 59513
58 41358
59 49659
60 57625
61 52521
62 46054
63 76546
64 59986
65 62079
66 59765
67 53896
68 52034
69 61491
70 70135
71 56491
72 52879
73 68401
74 75488
75 70510
76 65273
77 79954
78 81151
79 99528
80 75368
81 80194
82 100261
83 99017
84 84691
85 86640
86 81145
87 74118
88 85639
89 97916
90 93992
91 91752
92 102771
93 110437
94 98375
95 97844
96 106917
97 93109
98 102865
99 95706
0 363
1 1529
2 1380
3 1960
4 1812
5 2394
6 2727
7 6429
8 3570
9 4669
10 5337
11 5752
12 5894
13 7954
14 7296
15 9042
16 7134
17 9720
18 11688
19 10087
20 12167
21 11868
22 16271
23 17248
24 15036
25 15349
26 16839
27 14765
28 28318
29 17064
30 16522
31 19657
32 19691
33 22955
34 20887
35 20915
36 25379
37 23745
38 27847
39 31300
40 21707
41 32610
42 29918
43 35970
44 37451
45 32213
46 32057
47 28114
48 35444
49 36638
50 150513
51 45108
52 45240
53 49712
54 48804
55 53982
56 48545
57 52910
58 45452
59 50364
60 56320
61 51563
62 51807
63 61351
64 59465
65 60803
66 66823
67 54708
68 53736
69 72602
70 58181
71 61729
72 68160
73 73983
74 71821
75 73526
76 80785
77 65460
78 77050
79 80084
80 73286
81 81708
82 82791
83 82015
84 84186
85 73347
86 82119
87 72490
88 75360
89 78568
90 102055
91 88098
92 98258
93 94339
94 108477
95 111177
96 91283
97 106918
98 99054
99 129349
0 402
1 1466
2 1132
3 1320
4 1939
5 2797
6 2435
7 5426
8 3731
9 4856
10 13407
11 5349
12 6651
13 6938
14 8014
15 6699
16 8831
17 11059
18 10891
19 8613
20 10764
21 13293
22 13410
23 15395
24 13832
25 13818
26 13856
27 19038
28 15850
29 17445
30 17685
31 17461
32 18619
33 33470
34 41840
35 38375
36 25430
37 32777
38 23116
39 23213
40 30102
41 30845
42 23579
43 31901
44 34960
45 28548
46 35908
47 32851
48 35256
49 39085
50 33264
51 41903
52 39840
53 40227
54 60841
55 56995
56 50674
57 44326
58 42832
59 44813
60 50313
61 54049
62 52820
63 69313
64 52829
65 53926
66 66137
67 62553
68 53749
69 72499
70 55626
71 62054
72 60682
73 65813
74 71585
75 65637
76 81459
77 65739
78 77207
79 71490
80 82406
81 81425
82 82952
83 95646
84 74896
85 91341
86 82379
87 72688
88 76481
89 83686
90 101563
91 99345
92 98240
93 106183
94 89589
95 92086
96 95517
97 101639
98 124275
99 86364
0 257
1 1465
2 1264
3 2205
4 2909
5 3858
6 5844
7 9247
8 5277
9 4517
10 6649
11 6274
12 7182
13 6628
14 8540
15 9491
16 7793
17 8816
18 8616
19 12166
20 10720
21 11094
22 12009
23 15347
24 14565
25 14901
26 14841
27 18032
28 15911
29 18278
30 19741
31 18976
32 19067
33 19864
34 24691
35 24724
36 28622
37 28285
38 29948
39 26371
40 28923
41 33090
42 34289
43 25729
44 24752
45 38133
46 31455
47 31223
48 34090
49 43141
50 46313
51 59454
52 40210
53 54721
54 46388
55 48569
56 39146
57 56383
58 57236
59 53086
60 63259
61 39904
62 51824
63 48509
64 53645
65 67841
66 59981
67 53120
68 78352
69 67118
70 76113
71 72862
72 73266
73 63371
74 61897
75 56520
76 74178
77 63191
78 64727
79 70585
80 71959
81 74447
82 87824
83 72841
84 85703
85 97495
86 84710
87 75629
88 94009
89 97955
90 88386
91 107726
92 91080
93 106407
94 94270
95 103310
96 93164
97 115952
98 110788
99 95184
0 322
1 1512
2 1250
3 1467
4 2181
5 2833
6 3269
7 6146
8 5298
9 4628
10 5092
11 6215
12 7230
13 6561
14 7515
15 8352
16 6821
17 19190
18 8829
19 13629
20 12131
21 10599
22 12360
23 15479
24 14674
25 13509
26 13282
27 20041
28 18157
29 18359
30 23083
31 18357
32 19338
33 20023
34 24788
35 25561
36 28081
37 24778
38 29616
39 29565
40 29651
41 32433
42 38357
43 28523
44 24153
45 37631
46 35387
47 35609
48 32480
49 48787
50 44541
51 37145
52 40457
53 71879
54 62227
55 67485
56 42433
57 52527
58 43252
59 46876
60 48401
61 45468
62 52733
63 54883
64 54210
65 67619
66 52581
67 53720
68 63998
69 74774
70 75742
71 72544
72 72579
73 63120
74 61140
75 63405
76 82712
77 76203
78 86369
79 68803
80 66062
81 76587
82 79468
83 91176
84 101113
85 92502
86 93095
87 86540
88 89701
89 78580
90 96988
91 89477
92 96179
93 92074
94 81009
95 107491
96 110088
97 93647
98 121739
99 103707
0 444
1 1427
2 1320
3 1826
4 1854
5 2727
6 3999
7 3437
8 4277
9 5086
10 4992
11 6637
12 6467
13 6546
14 7160
15 7785
16 7929
17 7233
18 12229
19 9980
20 12402
21 23848
22 12815
23 13653
24 16451
25 12958
26 16885
27 17360
28 18060
29 17658
30 17180
31 15174
32 20072
33 21316
34 18471
35 23205
36 21854
37 22038
38 22395
39 22757
40 25075
41 30987
42 28691
43 26598
44 28385
45 32493
46 34717
47 34739
48 38999
49 56107
50 35839
51 40868
52 38429
53 36648
54 41700
55 50127
56 42477
57 45113
58 43379
59 52317
60 43962
61 49093
62 53164
63 56349
64 46931
65 51517
66 59190
67 58323
68 58151
69 60886
70 53794
71 68399
72 69415
73 62966
74 64650
75 70868
76 70486
77 75908
78 86941
79 61063
80 75288
81 86670
82 70189
83 91787
84 101427
85 82162
86 110829
87 77935
88 101000
89 80154
90 96804
91 100982
92 86119
93 104013
94 98171
95 96317
96 87251
97 103006
98 138378
99 123467
0 354
1 1282
2 1058
3 1205
4 2677
5 2245
6 3064
7 5084
8 3019
9 4636
10 4398
11 4259
12 5151
13 7487
14 7359
15 9964
16 9403
17 10318
18 9624
19 10761
20 11900
21 14897
22 16260
23 13576
24 15467
25 15798
26 13245
27 15607
28 16125
29 13930
30 18843
31 20830
32 19782
33 32596
34 23484
35 24562
36 27633
37 24303
38 26480
39 28919
40 32823
41 39428
42 27808
43 30502
44 32767
45 35409
46 35337
47 32231
48 50405
49 37892
50 32241
51 37077
52 39381
53 45014
54 49120
55 44308
56 52217
57 42737
58 40977
59 51699
60 54281
61 59062
62 60564
63 57984
64 55067
65 59286
66 64013
67 62667
68 60402
69 57583
70 74339
71 78592
72 68575
73 72093
74 75421
75 75524
76 74037
77 75133
78 65335
79 60664
80 84937
81 77414
82 81893
83 99085
84 77761
85 89144
86 81908
87 91244
88 88189
89 91477
90 90838
91 92445
92 105133
93 99694
94 121048
95 113587
96 89560
97 99125
98 106439
99 99825
0 317
1 1353
2 1303
3 1310
4 2957
5 2588
6 3405
7 5606
8 5727
9 5607
10 4862
11 4857
12 5818
13 8382
14 8328
15 11297
16 9583
17 9216
18 8287
19 11244
20 11854
21 14710
22 13797
23 12130
24 13871
25 16647
26 13522
27 15391
28 13934
29 15617
30 22028
31 18870
32 19054
33 24157
34 27303
35 22472
36 27752
37 24219
38 26051
39 26569
40 39927
41 41012
42 27554
43 30417
44 35927
45 31878
46 31917
47 32346
48 42044
49 37722
50 32236
51 41874
52 38778
53 45262
54 49013
55 39613
56 45955
57 41610
58 47107
59 51402
60 59612
61 61678
62 60078
63 57630
64 54938
65 59959
66 72130
67 62621
68 60463
69 58145
70 87564
71 77808
72 69030
73 64157
74 68230
75 75453
76 74262
77 65160
78 73803
79 69692
80 84495
81 88467
82 81160
83 70182
84 76716
85 88945
86 86701
87 99951
88 101868
89 88875
90 83424
91 77781
92 107728
93 94144
94 96202
95 110879
96 106453
97 102718
98 98146
99 90460
0 257
1 1515
2 1283
3 1553
4 2662
5 2533
6 4080
7 4995
8 4561
9 4455
10 5817
11 5891
12 5976
13 5299
14 7375
15 8900
16 11369
17 9231
18 9685
19 10105
20 10888
21 12795
22 11803
23 12748
24 14121
25 15166
26 11290
27 18695
28 16757
29 17266
30 21497
31 16715
32 20287
33 18018
34 27038
35 21815
36 24082
37 25358
38 25808
39 30237
40 22241
41 27745
42 28482
43 33962
44 52199
45 35439
46 34158
47 33427
48 39819
49 34919
50 43262
51 49003
52 39428
53 35189
54 34409
55 41428
56 49380
57 42000
58 44705
59 45509
60 56577
61 49215
62 45644
63 53483
64 57491
65 86309
66 53355
67 49931
68 68661
69 62976
70 59317
71 56737
72 66318
73 64117
74 70984
75 107721
76 76601
77 73869
78 90611
79 73653
80 77739
81 76138
82 89829
83 89225
84 87012
85 86891
86 90947
87 100328
88 90665
89 98162
90 112877
91 85081
92 91548
93 105550
94 85624
95 98755
96 107100
97 122615
98 98424
99 111468
0 395
1 1396
2 1166
3 1627
4 2605
5 2401
6 4038
7 4989
8 4563
9 4399
10 5707
11 5834
12 5986
13 5459
14 7408
15 8858
16 10408
17 8281
18 8746
19 16040
20 11220
21 12814
22 11722
23 12658
24 13685
25 15511
26 11308
27 17133
28 18645
29 16939
30 21751
31 25914
32 18090
33 19309
34 27099
35 22858
36 27671
37 22618
38 29227
39 28540
40 22428
41 27623
42 28403
43 34394
44 37138
45 35270
46 35816
47 31255
48 36981
49 37474
50 41139
51 38291
52 47682
53 45618
54 44094
55 39895
56 48978
57 45335
58 42797
59 51097
60 44125
61 59414
62 53821
63 58848
64 53231
65 57408
66 64046
67 53035
68 64810
69 57864
70 62525
71 59101
72 64498
73 62855
74 74443
75 69391
76 79367
77 69200
78 88040
79 81573
80 69444
81 77865
82 115061
83 74758
84 89048
85 73331
86 117146
87 87555
88 96298
89 87020
90 87277
91 84233
92 78632
93 97860
94 106903
95 102023
96 94345
97 110097
98 106366
99 130141
0 626
1 1567
2 1266
3 1608
4 2125
5 2810
6 3083
7 5857
8 4445
9 4411
10 4920
11 7664
12 6428
13 7102
14 7485
15 8990
16 8516
17 9100
18 9126
19 14615
20 11777
21 9398
22 12201
23 13739
24 14013
25 15111
26 14725
27 15486
28 15999
29 20050
30 19137
31 18393
32 17626
33 26475
34 23276
35 24679
36 23214
37 22581
38 32705
39 25065
40 23907
41 28594
42 28431
43 34229
44 28125
45 35049
46 31461
47 32149
48 34153
49 37559
50 39243
51 37335
52 47190
53 45788
54 44434
55 44035
56 55149
57 50772
58 48787
59 51652
60 61340
61 51949
62 47884
63 54501
64 60254
65 50522
66 63310
67 52586
68 65414
69 58523
70 70741
71 66284
72 64547
73 81353
74 74209
75 61570
76 79571
77 69036
78 101329
79 80960
80 68889
81 88130
82 80356
83 96388
84 81721
85 73204
86 97483
87 87305
88 96019
89 85229
90 106493
91 70096
92 96530
93 90896
94 111494
95 107989
96 99440
97 117236
98 104205
99 98285
0 481
1 1508
2 1457
3 1496
4 2810
5 13135
6 3002
7 5476
8 4374
9 4753
10 5184
11 6396
12 7348
13 7660
14 7460
15 11840
16 8470
17 9694
18 9847
19 19256
20 11444
21 12976
22 14514
23 14276
24 15208
25 18650
26 16026
27 15333
28 16996
29 17876
30 20501
31 19717
32 19654
33 21333
34 24313
35 26063
36 31594
37 22167
38 24990
39 32588
40 25023
41 30176
42 31564
43 36227
44 27128
45 37393
46 43555
47 30354
48 32166
49 41906
50 35311
51 35468
52 35722
53 45942
54 40738
55 48546
56 50538
57 49617
58 45689
59 62845
60 43910
61 53975
62 60536
63 62702
64 52645
65 59250
66 56390
67 60796
68 71047
69 69706
70 82583
71 52263
72 59058
73 62158
74 70627
75 59134
76 67439
77 72572
78 69416
79 77085
80 79246
81 83121
82 76555
83 91702
84 81983
85 88642
86 88332
87 84947
88 100671
89 92005
90 94885
91 78518
92 97842
93 80514
94 122277
95 107626
96 88417
97 102817
98 90028
99 110116
0 306
1 1495
2 1221
3 1242
4 2436
5 2550
6 2701
7 4842
8 3948
9 4084
10 4698
11 5675
12 8155
13 7635
14 7541
15 7807
16 9078
17 9602
18 10002
19 9681
20 11665
21 12812
22 10215
23 30867
24 15810
25 19677
26 23294
27 21399
28 28841
29 29751
30 30828
31 19382
32 23091
33 20840
34 23396
35 30203
36 36803
37 24991
38 28520
39 46053
40 42706
41 29882
42 32404
43 31000
44 31504
45 36708
46 43384
47 30777
48 32169
49 45683
50 32744
51 35705
52 37232
53 45915
54 35262
55 48780
56 50593
57 49291
58 62605
59 51964
60 49773
61 56529
62 60376
63 62929
64 47283
65 59269
66 55836
67 68192
68 70823
69 64514
70 52644
71 55724
72 68921
73 68167
74 117846
75 69585
76 60041
77 71764
78 86517
79 72413
80 83699
81 68165
82 92183
83 84743
84 82812
85 100068
86 106480
87 91486
88 87909
89 97488
90 97362
91 90306
92 81489
93 114954
94 101548
95 102479
96 98986
97 140840
98 94881
99 104449
0 378
1 1493
2 1466
3 1983
4 2047
5 2770
6 3165
7 3761
8 4504
9 4833
10 5217
11 7002
12 5165
13 5642
14 8420
15 7412
16 6446
17 12184
18 11312
19 9456
20 13272
21 12837
22 14643
23 14520
24 14224
25 14483
26 16123
27 21462
28 17973
29 17951
30 13872
31 49584
32 16225
33 24235
34 18993
35 23839
36 25447
37 22550
38 27880
39 28966
40 25167
41 24333
42 38693
43 29599
44 32521
45 39299
46 36660
47 37467
48 30493
49 37353
50 44430
51 55416
52 41542
53 41063
54 46740
55 41788
56 50559
57 41678
58 39684
59 55865
60 45678
61 55854
62 49459
63 75946
64 62712
65 69125
66 50751
67 56188
68 57828
69 64580
70 54390
71 62697
72 61534
73 67943
74 64490
75 68807
76 67362
77 95310
78 62092
79 103479
80 74449
81 68551
82 90078
83 75444
84 74533
85 100074
86 90771
87 89653
88 88081
89 97913
90 97470
91 80272
92 92178
93 103681
94 119826
95 119776
96 109917
97 108679
98 117315
99 100605
0 428
1 1648
2 1521
3 2383
4 3489
5 3353
6 3305
7 5423
8 4307
9 6118
10 5638
11 8233
12 7204
13 6850
14 7968
15 8059
16 7644
17 9532
18 11404
19 11160
20 10041
21 10963
22 16948
23 13987
24 18692
25 12916
26 14749
27 16142
28 15219
29 17792
30 16852
31 21144
32 20790
33 21841
34 25193
35 26613
36 22443
37 27405
38 29537
39 25389
40 29656
41 34093
42 27657
43 35735
44 30477
45 25373
46 32566
47 33997
48 37304
49 37628
50 32619
51 34344
52 48117
53 43050
54 43195
55 44395
56 36202
57 56336
58 40283
59 52198
60 41851
61 49711
62 51541
63 61577
64 52584
65 65213
66 58593
67 55058
68 58006
69 69926
70 77972
71 56584
72 66872
73 67189
74 74255
75 91269
76 68016
77 67868
78 70663
79 66834
80 86164
81 76941
82 74059
83 95984
84 82813
85 80736
86 78737
87 94956
88 101247
89 83525
90 91780
91 85908
92 93577
93 106990
94 135882
95 106173
96 109798
97 108928
98 117088
99 101764
0 414
1 1365
2 1176
3 1750
4 2947
5 2740
6 3260
7 4982
8 4322
9 6161
10 5560
11 8061
12 7107
13 6854
14 8803
15 9060
16 7567
17 9470
18 8102
19 9737
20 9076
21 11155
22 15045
23 14514
24 18836
25 13029
26 12834
27 16203
28 17396
29 19755
30 16264
31 20785
32 18388
33 24510
34 24678
35 22239
36 26282
37 26708
38 29756
39 29153
40 28991
41 33505
42 24340
43 40156
44 34088
45 24522
46 47959
47 39087
48 37089
49 37363
50 36813
51 39298
52 47526
53 38221
54 47452
55 44944
56 35750
57 55395
58 45371
59 50927
60 47384
61 43938
62 51825
63 53201
64 52728
65 45977
66 57793
67 62971
68 51440
69 70106
70 79823
71 63945
72 91545
73 67559
74 74375
75 70245
76 81676
77 98392
78 94981
79 76417
80 77486
81 80286
82 75269
83 73278
84 75578
85 93180
86 86573
87 75207
88 84730
89 107800
90 74951
91 101466
92 92351
93 88453
94 98071
95 98438
96 105197
97 96343
98 99260
99 103297
0 373
1 1296
2 1156
3 1711
4 1688
5 2560
6 2922
7 3725
8 3634
9 4075
10 4314
11 5852
12 5454
13 5324
14 8399
15 9323
16 7663
17 9820
18 10274
19 11995
20 12547
21 12242
22 15193
23 13813
24 12791
25 15476
26 14189
27 17180
28 16692
29 15813
30 18633
31 15856
32 24213
33 17637
34 23569
35 28169
36 26741
37 24838
38 26609
39 24838
40 31101
41 28861
42 30715
43 34454
44 28540
45 34368
46 29427
47 32752
48 49473
49 41006
50 38556
51 44305
52 34646
53 49273
54 56743
55 49128
56 45333
57 45857
58 45287
59 54262
60 50924
61 55572
62 63630
63 59372
64 57513
65 55513
66 89864
67 64476
68 67428
69 73730
70 58379
71 69072
72 75822
73 64142
74 81758
75 77103
76 81776
77 71382
78 86294
79 68250
80 95514
81 81188
82 75679
83 82701
84 76273
85 93736
86 76818
87 85122
88 113579
89 95085
90 84294
91 97657
92 92406
93 88101
94 112804
95 122637
96 104266
97 95211
98 104114
99 99744
0 401
1 1343
2 1181
3 1691
4 2171
5 3569
6 2700
7 4467
8 4069
9 4063
10 5349
11 5283
12 6055
13 6405
14 6077
15 7997
16 8810
17 11610
18 10422
19 10768
20 13392
21 12909
22 16140
23 11712
24 17185
25 19323
26 12876
27 13307
28 15886
29 29272
30 15351
31 19443
32 17678
33 17361
34 28138
35 27129
36 26545
37 28178
38 25343
39 30848
40 31233
41 32718
42 31867
43 29504
44 33687
45 33736
46 51796
47 41256
48 35708
49 34759
50 43421
51 41951
52 47294
53 42211
54 42189
55 44466
56 64496
57 45392
58 36921
59 45362
60 44592
61 43248
62 51921
63 58754
64 60809
65 59376
66 61431
67 49515
68 57793
69 51812
70 70945
71 61027
72 72252
73 67891
74 80403
75 75720
76 77456
77 70291
78 76513
79 80139
80 67995
81 88171
82 91888
83 89654
84 76640
85 84981
86 97905
87 74882
88 96857
89 79253
90 80825
91 96961
92 93212
93 97352
94 90534
95 108167
96 99506
97 108560
98 129067
99 113139
0 316
1 1502
2 2157
3 2436
4 2891
5 5435
6 3099
7 6937
8 4524
9 4665
10 5956
11 5836
12 6751
13 7303
14 6788
15 36767
16 9946
17 10933
18 10372
19 11878
20 13068
21 11435
22 13594
23 12083
24 17032
25 16854
26 12676
27 16161
28 14806
29 17406
30 17641
31 20749
32 18240
33 19475
34 28938
35 27142
36 23268
37 25797
38 25180
39 27331
40 29822
41 28282
42 34636
43 29571
44 33313
45 30237
46 37415
47 40374
48 45424
49 35384
50 36605
51 40775
52 42917
53 41323
54 47056
55 64083
56 47692
57 39314
58 41969
59 41315
60 45555
61 42883
62 58318
63 58848
64 60787
65 52381
66 62020
67 56870
68 57158
69 51391
70 81904
71 68756
72 63651
73 67656
74 71258
75 98385
76 78294
77 75411
78 78906
79 71897
80 84671
81 80790
82 67479
83 82323
84 74947
85 78566
86 72283
87 84985
88 106838
89 85127
90 88094
91 86924
92 95720
93 95671
94 112086
95 92579
96 113091
97 104736
98 115408
99 92257
0 386
1 1455
2 1373
3 1544
4 2567
5 3084
6 5824
7 8921
8 4628
9 5122
10 5029
11 5267
12 7220
13 6981
14 6310
15 8745
16 9338
17 11469
18 10036
19 12201
20 13228
21 9358
22 11554
23 16149
24 14234
25 16561
26 16658
27 15423
28 21791
29 19106
30 18377
31 18441
32 18144
33 29651
34 16606
35 22777
36 24584
37 24115
38 24763
39 23395
40 63846
41 36686
42 33126
43 31136
44 30777
45 31105
46 35436
47 43895
48 39716
49 32874
50 50319
51 43604
52 38831
53 37449
54 33240
55 39622
56 45078
57 46898
58 45983
59 46852
60 53809
61 54295
62 51944
63 65590
64 58321
65 53932
66 63079
67 55830
68 62064
69 55475
70 55857
71 60068
72 55303
73 76303
74 72948
75 71867
76 84865
77 74390
78 71809
79 72202
80 84459
81 81036
82 75357
83 82489
84 84518
85 78408
86 72393
87 95523
88 90107
89 85423
90 87792
91 77962
92 95570
93 94817
94 112086
95 92270
96 134662
97 103932
98 117085
99 110601
0 366
1 1438
2 1377
3 1554
4 2157
5 2394
6 2647
7 3044
8 4016
9 4636
10 5705
11 6170
12 10215
13 7184
14 6586
15 7713
16 11297
17 8584
18 8413
19 8900
20 9083
21 12331
22 13147
23 14902
24 12999
25 14481
26 17250
27 22427
28 15045
29 17583
30 18998
31 34705
32 18344
33 20882
34 23704
35 23562
36 26841
37 24573
38 25798
39 41054
40 28456
41 33039
42 26081
43 32670
44 35009
45 27959
46 34681
47 30925
48 31313
49 35062
50 62852
51 35313
52 43377
53 48631
54 42846
55 41077
56 42084
57 39802
58 39011
59 59987
60 52435
61 57233
62 45129
63 54567
64 62498
65 58029
66 53415
67 59941
68 61355
69 70462
70 69889
71 67079
72 70240
73 65563
74 58530
75 74367
76 62265
77 75830
78 71325
79 76759
80 68048
81 72429
82 69786
83 92688
84 78893
85 64770
86 79238
87 83440
88 98733
89 100033
90 87508
91 100585
92 81398
93 100436
94 92577
95 124673
96 104438
97 109247
98 116866
99 106987
0 473
1 1457
2 1343
3 1672
4 2207
5 2344
6 2553
7 3121
8 3909
9 4607
10 5225
11 5369
12 6844
13 7364
14 6679
15 7814
16 11440
17 8444
18 9095
19 10136
20 10329
21 11038
22 11839
23 13223
24 14337
25 16152
26 16516
27 23277
28 14955
29 16211
30 17168
31 20274
32 19003
33 20641
34 24694
35 20177
36 27032
37 24399
38 25800
39 28386
40 25402
41 29485
42 29235
43 32653
44 35228
45 28528
46 33917
47 32395
48 34233
49 36641
50 39639
51 32236
52 54528
53 54735
54 40095
55 49454
56 47221
57 39643
58 39012
59 55259
60 59785
61 50938
62 50576
63 54342
64 63109
65 56781
66 53466
67 47843
68 53661
69 62341
70 70043
71 67171
72 62619
73 58986
74 69662
75 59594
76 85244
77 76981
78 80729
79 76446
80 68250
81 79350
82 92970
83 88943
84 78804
85 87548
86 69968
87 85100
88 87780
89 99706
90 92410
91 91876
92 107994
93 93702
94 83950
95 102383
96 107028
97 76368
98 123858
99 120099
0 446
1 1405
2 1218
3 1233
4 1591
5 2284
6 3256
7 5343
8 5071
9 4822
10 6379
11 4962
12 5956
13 5557
14 6752
15 11628
16 11038
17 9095
18 8094
19 12612
20 12436
21 18331
22 13513
23 16214
24 17304
25 15949
26 14541
27 20773
28 20713
29 14080
30 16125
31 20508
32 27444
33 21849
34 27433
35 27411
36 29939
37 29437
38 29126
39 30488
40 26540
41 24135
42 30017
43 30008
44 36101
45 30027
46 37824
47 35144
48 42823
49 55286
50 38976
51 44620
52 41794
53 40906
54 59055
55 41679
56 43643
57 48725
58 49561
59 55221
60 47086
61 44318
62 56190
63 73241
64 60097
65 184024
66 61431
67 61078
68 58590
69 59756
70 62047
71 67336
72 73593
73 62679
74 61615
75 61456
76 63786
77 68012
78 75937
79 85904
80 70263
81 70690
82 78751
83 89371
84 78647
85 106386
86 70512
87 84890
88 88012
89 88358
90 104259
91 81567
92 107869
93 100503
94 84177
95 101411
96 107369
97 86205
98 153097
99 122134
0 541
1 1537
2 1306
3 1387
4 1877
5 2462
6 3422
7 5622
8 5545
9 5256
10 7040
11 5273
12 8423
13 6555
14 7488
15 8518
16 10583
17 8938
18 8104
19 12763
20 13067
21 15800
22 14319
23 14665
24 17157
25 15941
26 14841
27 22636
28 20514
29 16050
30 23760
31 20562
32 26514
33 22412
34 26592
35 23407
36 27222
37 28989
38 27533
39 32167
40 24167
41 29828
42 29341
43 30665
44 29233
45 32504
46 37077
47 40256
48 39730
49 47706
50 37475
51 45490
52 42134
53 34037
54 42461
55 49831
56 42916
57 64412
58 44787
59 60134
60 39437
61 56594
62 51975
63 51552
64 49562
65 50905
66 58993
67 64586
68 47607
69 52902
70 66471
71 61669
72 67002
73 71108
74 78620
75 63669
76 74316
77 78753
78 78189
79 67104
80 70322
81 86279
82 62320
83 80321
84 92493
85 83230
86 73629
87 103466
88 68721
89 86445
90 116512
91 93946
92 110153
93 79773
94 97807
95 99799
96 125315
97 99375
98 141236
99 95261
0 334
1 1482
2 1353
3 1586
4 2227
5 2513
6 3821
7 6561
8 4621
9 5029
10 6046
11 6628
12 7763
13 5933
14 7784
15 8452
16 8949
17 10840
18 12145
19 10684
20 29506
21 14695
22 13247
23 15270
24 16347
25 19392
26 18322
27 47005
28 40408
29 26153
30 17659
31 19692
32 22131
33 24122
34 23122
35 26608
36 18093
37 22440
38 30729
39 33922
40 23318
41 25204
42 32648
43 30178
44 28780
45 32144
46 31889
47 40235
48 38656
49 39007
50 35686
51 45407
52 47399
53 37361
54 43146
55 43193
56 38937
57 56221
58 44221
59 45161
60 61355
61 56821
62 58037
63 49888
64 49225
65 51855
66 59106
67 65116
68 47174
69 59509
70 65029
71 64937
72 59503
73 71680
74 78543
75 56384
76 74401
77 91798
78 78802
79 66978
80 79463
81 76918
82 62792
83 81094
84 81667
85 80032
86 81642
87 84394
88 98736
89 88350
90 91242
91 93899
92 107076
93 103414
94 107382
95 116060
96 120983
97 107992
98 95537
99 97584
